2.000000000000000000e+00
1.000000000000000000e+01
1.800000000000000000e+01
2.100000000000000000e+01
2.300000000000000000e+01
2.400000000000000000e+01
2.800000000000000000e+01
4.100000000000000000e+01
4.700000000000000000e+01
5.000000000000000000e+01
5.300000000000000000e+01
5.400000000000000000e+01
5.700000000000000000e+01
5.800000000000000000e+01
6.300000000000000000e+01
6.600000000000000000e+01
6.900000000000000000e+01
7.600000000000000000e+01
7.700000000000000000e+01
7.800000000000000000e+01
8.300000000000000000e+01
8.400000000000000000e+01
8.500000000000000000e+01
9.000000000000000000e+01
9.100000000000000000e+01
9.600000000000000000e+01
9.700000000000000000e+01
9.800000000000000000e+01
1.030000000000000000e+02
1.040000000000000000e+02
1.050000000000000000e+02
1.120000000000000000e+02
1.150000000000000000e+02
1.180000000000000000e+02
1.230000000000000000e+02
1.240000000000000000e+02
1.270000000000000000e+02
1.280000000000000000e+02
1.310000000000000000e+02
1.340000000000000000e+02
1.400000000000000000e+02
1.530000000000000000e+02
1.570000000000000000e+02
1.580000000000000000e+02
1.600000000000000000e+02
1.630000000000000000e+02
1.710000000000000000e+02
1.790000000000000000e+02
