3.000000000000000000e+00
6.000000000000000000e+00
1.500000000000000000e+01
2.200000000000000000e+01
3.000000000000000000e+01
3.400000000000000000e+01
3.800000000000000000e+01
3.900000000000000000e+01
4.100000000000000000e+01
4.400000000000000000e+01
4.800000000000000000e+01
5.400000000000000000e+01
6.800000000000000000e+01
6.900000000000000000e+01
7.100000000000000000e+01
7.300000000000000000e+01
7.500000000000000000e+01
7.700000000000000000e+01
8.400000000000000000e+01
8.700000000000000000e+01
9.500000000000000000e+01
9.700000000000000000e+01
9.900000000000000000e+01
1.050000000000000000e+02
1.080000000000000000e+02
1.100000000000000000e+02
1.130000000000000000e+02
1.180000000000000000e+02
1.190000000000000000e+02
1.200000000000000000e+02
1.270000000000000000e+02
1.290000000000000000e+02
1.330000000000000000e+02
1.340000000000000000e+02
1.420000000000000000e+02
1.430000000000000000e+02
1.460000000000000000e+02
1.480000000000000000e+02
1.490000000000000000e+02
1.500000000000000000e+02
1.520000000000000000e+02
1.530000000000000000e+02
1.540000000000000000e+02
1.630000000000000000e+02
1.640000000000000000e+02
1.660000000000000000e+02
1.670000000000000000e+02
1.680000000000000000e+02
1.700000000000000000e+02
1.730000000000000000e+02
1.760000000000000000e+02
1.790000000000000000e+02
1.830000000000000000e+02
1.850000000000000000e+02
1.860000000000000000e+02
1.890000000000000000e+02
1.900000000000000000e+02
1.920000000000000000e+02
1.950000000000000000e+02
1.970000000000000000e+02
