5.000000000000000000e+00
6.000000000000000000e+00
1.500000000000000000e+01
1.800000000000000000e+01
2.000000000000000000e+01
2.100000000000000000e+01
2.400000000000000000e+01
2.600000000000000000e+01
3.400000000000000000e+01
3.800000000000000000e+01
4.300000000000000000e+01
5.300000000000000000e+01
5.500000000000000000e+01
6.000000000000000000e+01
6.100000000000000000e+01
6.200000000000000000e+01
6.300000000000000000e+01
6.600000000000000000e+01
6.900000000000000000e+01
7.000000000000000000e+01
7.200000000000000000e+01
7.300000000000000000e+01
7.400000000000000000e+01
7.700000000000000000e+01
8.000000000000000000e+01
8.300000000000000000e+01
8.400000000000000000e+01
8.500000000000000000e+01
8.700000000000000000e+01
8.800000000000000000e+01
9.100000000000000000e+01
9.400000000000000000e+01
9.500000000000000000e+01
9.600000000000000000e+01
9.700000000000000000e+01
1.020000000000000000e+02
1.040000000000000000e+02
1.140000000000000000e+02
1.190000000000000000e+02
1.230000000000000000e+02
1.310000000000000000e+02
1.330000000000000000e+02
1.360000000000000000e+02
1.370000000000000000e+02
1.390000000000000000e+02
1.420000000000000000e+02
1.510000000000000000e+02
1.520000000000000000e+02
