2.000000000000000000e+00
3.000000000000000000e+00
1.200000000000000000e+01
1.500000000000000000e+01
1.700000000000000000e+01
1.800000000000000000e+01
1.900000000000000000e+01
2.100000000000000000e+01
2.200000000000000000e+01
2.600000000000000000e+01
3.200000000000000000e+01
4.000000000000000000e+01
5.000000000000000000e+01
5.300000000000000000e+01
5.600000000000000000e+01
5.800000000000000000e+01
6.100000000000000000e+01
6.800000000000000000e+01
7.000000000000000000e+01
7.200000000000000000e+01
7.300000000000000000e+01
8.500000000000000000e+01
8.800000000000000000e+01
9.000000000000000000e+01
9.200000000000000000e+01
9.300000000000000000e+01
9.800000000000000000e+01
1.010000000000000000e+02
1.020000000000000000e+02
1.040000000000000000e+02
1.080000000000000000e+02
1.090000000000000000e+02
1.100000000000000000e+02
1.110000000000000000e+02
1.140000000000000000e+02
1.150000000000000000e+02
1.190000000000000000e+02
1.230000000000000000e+02
1.260000000000000000e+02
1.280000000000000000e+02
1.300000000000000000e+02
1.320000000000000000e+02
1.340000000000000000e+02
1.350000000000000000e+02
