6.000000000000000000e+00
7.000000000000000000e+00
1.200000000000000000e+01
1.300000000000000000e+01
1.400000000000000000e+01
1.500000000000000000e+01
3.000000000000000000e+01
3.500000000000000000e+01
4.800000000000000000e+01
5.100000000000000000e+01
5.200000000000000000e+01
5.400000000000000000e+01
5.600000000000000000e+01
6.100000000000000000e+01
6.300000000000000000e+01
7.100000000000000000e+01
7.700000000000000000e+01
8.200000000000000000e+01
8.900000000000000000e+01
9.300000000000000000e+01
9.600000000000000000e+01
1.020000000000000000e+02
1.040000000000000000e+02
1.060000000000000000e+02
1.080000000000000000e+02
1.090000000000000000e+02
1.110000000000000000e+02
1.120000000000000000e+02
1.140000000000000000e+02
1.150000000000000000e+02
1.170000000000000000e+02
1.200000000000000000e+02
1.260000000000000000e+02
1.290000000000000000e+02
1.300000000000000000e+02
1.330000000000000000e+02
1.340000000000000000e+02
1.400000000000000000e+02
1.410000000000000000e+02
1.460000000000000000e+02
