5.000000000000000000e+00
1.000000000000000000e+01
1.100000000000000000e+01
1.300000000000000000e+01
1.500000000000000000e+01
1.700000000000000000e+01
1.900000000000000000e+01
2.000000000000000000e+01
2.200000000000000000e+01
2.600000000000000000e+01
2.900000000000000000e+01
3.000000000000000000e+01
3.300000000000000000e+01
3.400000000000000000e+01
3.500000000000000000e+01
3.800000000000000000e+01
3.900000000000000000e+01
4.000000000000000000e+01
4.100000000000000000e+01
4.400000000000000000e+01
4.500000000000000000e+01
4.700000000000000000e+01
5.100000000000000000e+01
5.200000000000000000e+01
5.700000000000000000e+01
5.800000000000000000e+01
5.900000000000000000e+01
6.000000000000000000e+01
6.600000000000000000e+01
6.700000000000000000e+01
6.800000000000000000e+01
7.000000000000000000e+01
7.600000000000000000e+01
7.700000000000000000e+01
7.800000000000000000e+01
7.900000000000000000e+01
8.000000000000000000e+01
8.200000000000000000e+01
8.700000000000000000e+01
8.800000000000000000e+01
1.014000000000000000e+04
1.014800000000000000e+04
1.014900000000000000e+04
1.015000000000000000e+04
1.015100000000000000e+04
1.015200000000000000e+04
1.015400000000000000e+04
1.015800000000000000e+04
1.015900000000000000e+04
1.016000000000000000e+04
1.016100000000000000e+04
1.016200000000000000e+04
1.016700000000000000e+04
1.016800000000000000e+04
1.016900000000000000e+04
1.017000000000000000e+04
1.017300000000000000e+04
1.017400000000000000e+04
1.017500000000000000e+04
1.017700000000000000e+04
1.018000000000000000e+04
1.018100000000000000e+04
1.018600000000000000e+04
1.018700000000000000e+04
1.019100000000000000e+04
1.019200000000000000e+04
1.019500000000000000e+04
1.019800000000000000e+04
1.019900000000000000e+04
1.020000000000000000e+04
1.020200000000000000e+04
1.020500000000000000e+04
1.020700000000000000e+04
1.020900000000000000e+04
1.021100000000000000e+04
1.021500000000000000e+04
1.021600000000000000e+04
1.021700000000000000e+04
1.021900000000000000e+04
1.022100000000000000e+04
