5.000000000000000000e+00
1.000000000000000000e+01
1.500000000000000000e+01
1.700000000000000000e+01
1.900000000000000000e+01
2.200000000000000000e+01
2.600000000000000000e+01
3.000000000000000000e+01
3.400000000000000000e+01
3.700000000000000000e+01
3.800000000000000000e+01
4.000000000000000000e+01
4.100000000000000000e+01
4.400000000000000000e+01
4.500000000000000000e+01
4.700000000000000000e+01
5.100000000000000000e+01
5.200000000000000000e+01
5.300000000000000000e+01
5.700000000000000000e+01
5.800000000000000000e+01
6.100000000000000000e+01
6.600000000000000000e+01
7.000000000000000000e+01
7.300000000000000000e+01
7.700000000000000000e+01
7.800000000000000000e+01
7.900000000000000000e+01
8.000000000000000000e+01
8.200000000000000000e+01
9.000000000000000000e+01
9.100000000000000000e+01
1.020000000000000000e+02
1.030000000000000000e+02
1.110000000000000000e+02
1.130000000000000000e+02
1.140000000000000000e+02
1.150000000000000000e+02
1.160000000000000000e+02
1.200000000000000000e+02
1.230000000000000000e+02
1.270000000000000000e+02
1.320000000000000000e+02
1.350000000000000000e+02
1.360000000000000000e+02
1.400000000000000000e+02
1.410000000000000000e+02
1.420000000000000000e+02
1.460000000000000000e+02
1.480000000000000000e+02
1.490000000000000000e+02
1.520000000000000000e+02
1.530000000000000000e+02
1.550000000000000000e+02
1.560000000000000000e+02
1.590000000000000000e+02
1.630000000000000000e+02
1.670000000000000000e+02
1.710000000000000000e+02
1.740000000000000000e+02
1.760000000000000000e+02
1.780000000000000000e+02
1.830000000000000000e+02
1.880000000000000000e+02
