5.000000000000000000e+00
6.000000000000000000e+00
1.100000000000000000e+01
1.400000000000000000e+01
1.700000000000000000e+01
1.800000000000000000e+01
2.000000000000000000e+01
2.400000000000000000e+01
3.100000000000000000e+01
4.300000000000000000e+01
4.400000000000000000e+01
4.500000000000000000e+01
4.600000000000000000e+01
5.000000000000000000e+01
5.300000000000000000e+01
5.600000000000000000e+01
5.800000000000000000e+01
6.500000000000000000e+01
6.800000000000000000e+01
7.200000000000000000e+01
7.700000000000000000e+01
7.800000000000000000e+01
8.000000000000000000e+01
9.300000000000000000e+01
9.400000000000000000e+01
9.600000000000000000e+01
9.700000000000000000e+01
9.800000000000000000e+01
9.900000000000000000e+01
1.010000000000000000e+02
1.030000000000000000e+02
1.050000000000000000e+02
1.070000000000000000e+02
1.100000000000000000e+02
1.110000000000000000e+02
1.140000000000000000e+02
1.150000000000000000e+02
1.190000000000000000e+02
1.240000000000000000e+02
1.260000000000000000e+02
1.270000000000000000e+02
1.340000000000000000e+02
1.350000000000000000e+02
1.370000000000000000e+02
1.400000000000000000e+02
1.420000000000000000e+02
1.430000000000000000e+02
1.500000000000000000e+02
1.510000000000000000e+02
1.530000000000000000e+02
1.580000000000000000e+02
1.620000000000000000e+02
1.630000000000000000e+02
1.660000000000000000e+02
1.670000000000000000e+02
1.700000000000000000e+02
1.720000000000000000e+02
1.740000000000000000e+02
1.760000000000000000e+02
1.780000000000000000e+02
1.790000000000000000e+02
1.800000000000000000e+02
1.810000000000000000e+02
1.830000000000000000e+02
1.840000000000000000e+02
1.970000000000000000e+02
1.990000000000000000e+02
2.000000000000000000e+02
2.050000000000000000e+02
2.090000000000000000e+02
2.120000000000000000e+02
2.190000000000000000e+02
2.210000000000000000e+02
2.240000000000000000e+02
2.270000000000000000e+02
2.310000000000000000e+02
2.320000000000000000e+02
2.330000000000000000e+02
2.340000000000000000e+02
2.460000000000000000e+02
2.530000000000000000e+02
2.570000000000000000e+02
2.590000000000000000e+02
2.600000000000000000e+02
2.630000000000000000e+02
2.660000000000000000e+02
2.710000000000000000e+02
2.720000000000000000e+02
