3.000000000000000000e+00
1.100000000000000000e+01
1.200000000000000000e+01
1.300000000000000000e+01
1.500000000000000000e+01
1.900000000000000000e+01
2.100000000000000000e+01
2.200000000000000000e+01
2.300000000000000000e+01
2.400000000000000000e+01
2.600000000000000000e+01
2.700000000000000000e+01
3.000000000000000000e+01
4.100000000000000000e+01
4.200000000000000000e+01
4.400000000000000000e+01
4.600000000000000000e+01
4.800000000000000000e+01
5.100000000000000000e+01
5.200000000000000000e+01
5.400000000000000000e+01
5.500000000000000000e+01
7.100000000000000000e+01
7.400000000000000000e+01
7.500000000000000000e+01
7.600000000000000000e+01
8.200000000000000000e+01
8.300000000000000000e+01
8.400000000000000000e+01
8.700000000000000000e+01
9.100000000000000000e+01
9.400000000000000000e+01
9.500000000000000000e+01
9.600000000000000000e+01
9.700000000000000000e+01
1.030000000000000000e+02
1.040000000000000000e+02
1.050000000000000000e+02
1.070000000000000000e+02
1.080000000000000000e+02
1.100000000000000000e+02
1.150000000000000000e+02
1.170000000000000000e+02
1.200000000000000000e+02
1.220000000000000000e+02
1.270000000000000000e+02
1.310000000000000000e+02
1.330000000000000000e+02
1.480000000000000000e+02
1.500000000000000000e+02
1.540000000000000000e+02
1.590000000000000000e+02
1.610000000000000000e+02
1.640000000000000000e+02
1.660000000000000000e+02
1.710000000000000000e+02
1.730000000000000000e+02
1.740000000000000000e+02
1.760000000000000000e+02
1.770000000000000000e+02
1.780000000000000000e+02
1.840000000000000000e+02
1.850000000000000000e+02
1.860000000000000000e+02
1.870000000000000000e+02
1.900000000000000000e+02
1.940000000000000000e+02
1.970000000000000000e+02
1.980000000000000000e+02
1.990000000000000000e+02
2.050000000000000000e+02
2.060000000000000000e+02
2.070000000000000000e+02
2.100000000000000000e+02
2.260000000000000000e+02
2.270000000000000000e+02
2.290000000000000000e+02
2.300000000000000000e+02
2.330000000000000000e+02
2.350000000000000000e+02
2.370000000000000000e+02
2.390000000000000000e+02
2.400000000000000000e+02
2.510000000000000000e+02
2.540000000000000000e+02
2.550000000000000000e+02
2.570000000000000000e+02
2.580000000000000000e+02
2.590000000000000000e+02
2.600000000000000000e+02
2.620000000000000000e+02
2.660000000000000000e+02
2.680000000000000000e+02
2.690000000000000000e+02
2.700000000000000000e+02
2.780000000000000000e+02
