7.000000000000000000e+00
1.300000000000000000e+01
1.400000000000000000e+01
3.100000000000000000e+01
3.400000000000000000e+01
3.500000000000000000e+01
3.700000000000000000e+01
3.900000000000000000e+01
4.200000000000000000e+01
4.600000000000000000e+01
5.100000000000000000e+01
5.200000000000000000e+01
5.500000000000000000e+01
5.600000000000000000e+01
6.200000000000000000e+01
6.600000000000000000e+01
6.800000000000000000e+01
6.900000000000000000e+01
7.000000000000000000e+01
7.100000000000000000e+01
7.400000000000000000e+01
7.800000000000000000e+01
8.400000000000000000e+01
8.600000000000000000e+01
9.200000000000000000e+01
9.500000000000000000e+01
9.900000000000000000e+01
1.040000000000000000e+02
1.090000000000000000e+02
1.100000000000000000e+02
1.120000000000000000e+02
1.140000000000000000e+02
1.270000000000000000e+02
1.290000000000000000e+02
1.310000000000000000e+02
1.320000000000000000e+02
1.370000000000000000e+02
1.420000000000000000e+02
1.460000000000000000e+02
1.490000000000000000e+02
1.550000000000000000e+02
1.570000000000000000e+02
1.630000000000000000e+02
1.670000000000000000e+02
1.700000000000000000e+02
1.710000000000000000e+02
1.720000000000000000e+02
1.730000000000000000e+02
1.750000000000000000e+02
1.790000000000000000e+02
1.850000000000000000e+02
1.860000000000000000e+02
1.890000000000000000e+02
1.900000000000000000e+02
1.950000000000000000e+02
1.990000000000000000e+02
2.020000000000000000e+02
2.040000000000000000e+02
2.060000000000000000e+02
2.070000000000000000e+02
2.100000000000000000e+02
2.270000000000000000e+02
2.280000000000000000e+02
2.340000000000000000e+02
