2.000000000000000000e+00
3.000000000000000000e+00
7.000000000000000000e+00
1.700000000000000000e+01
2.200000000000000000e+01
2.900000000000000000e+01
3.500000000000000000e+01
3.900000000000000000e+01
4.100000000000000000e+01
4.800000000000000000e+01
5.700000000000000000e+01
7.200000000000000000e+01
7.500000000000000000e+01
8.500000000000000000e+01
9.100000000000000000e+01
9.200000000000000000e+01
1.060000000000000000e+02
1.080000000000000000e+02
1.120000000000000000e+02
1.160000000000000000e+02
1.180000000000000000e+02
1.270000000000000000e+02
1.300000000000000000e+02
1.310000000000000000e+02
1.330000000000000000e+02
1.410000000000000000e+02
1.420000000000000000e+02
1.450000000000000000e+02
1.490000000000000000e+02
1.520000000000000000e+02
1.550000000000000000e+02
1.580000000000000000e+02
1.590000000000000000e+02
1.600000000000000000e+02
1.620000000000000000e+02
1.640000000000000000e+02
1.650000000000000000e+02
1.660000000000000000e+02
1.670000000000000000e+02
1.740000000000000000e+02
1.750000000000000000e+02
1.810000000000000000e+02
1.870000000000000000e+02
1.910000000000000000e+02
1.950000000000000000e+02
2.020000000000000000e+02
2.050000000000000000e+02
2.070000000000000000e+02
