6.000000000000000000e+00
1.500000000000000000e+01
2.100000000000000000e+01
2.600000000000000000e+01
3.800000000000000000e+01
4.200000000000000000e+01
4.300000000000000000e+01
4.600000000000000000e+01
4.800000000000000000e+01
5.100000000000000000e+01
5.200000000000000000e+01
5.800000000000000000e+01
5.900000000000000000e+01
6.600000000000000000e+01
7.100000000000000000e+01
7.300000000000000000e+01
7.500000000000000000e+01
7.600000000000000000e+01
9.100000000000000000e+01
9.200000000000000000e+01
9.400000000000000000e+01
9.500000000000000000e+01
9.600000000000000000e+01
9.700000000000000000e+01
1.010000000000000000e+02
1.070000000000000000e+02
1.080000000000000000e+02
1.090000000000000000e+02
1.160000000000000000e+02
1.180000000000000000e+02
1.200000000000000000e+02
1.330000000000000000e+02
1.350000000000000000e+02
1.370000000000000000e+02
1.420000000000000000e+02
1.430000000000000000e+02
1.470000000000000000e+02
1.490000000000000000e+02
1.500000000000000000e+02
1.590000000000000000e+02
1.610000000000000000e+02
1.680000000000000000e+02
1.720000000000000000e+02
1.820000000000000000e+02
1.860000000000000000e+02
1.890000000000000000e+02
1.930000000000000000e+02
1.970000000000000000e+02
2.010000000000000000e+02
2.030000000000000000e+02
2.040000000000000000e+02
2.080000000000000000e+02
2.090000000000000000e+02
2.100000000000000000e+02
2.150000000000000000e+02
2.180000000000000000e+02
2.210000000000000000e+02
2.220000000000000000e+02
2.260000000000000000e+02
2.310000000000000000e+02
2.340000000000000000e+02
2.350000000000000000e+02
2.490000000000000000e+02
2.510000000000000000e+02
2.530000000000000000e+02
2.540000000000000000e+02
2.550000000000000000e+02
2.570000000000000000e+02
2.600000000000000000e+02
2.640000000000000000e+02
2.670000000000000000e+02
2.690000000000000000e+02
