1.000000000000000000e+01
1.500000000000000000e+01
1.900000000000000000e+01
2.000000000000000000e+01
2.200000000000000000e+01
2.300000000000000000e+01
2.900000000000000000e+01
3.100000000000000000e+01
3.300000000000000000e+01
3.400000000000000000e+01
4.400000000000000000e+01
4.500000000000000000e+01
4.600000000000000000e+01
5.100000000000000000e+01
5.300000000000000000e+01
6.000000000000000000e+01
6.100000000000000000e+01
6.700000000000000000e+01
6.800000000000000000e+01
7.000000000000000000e+01
7.100000000000000000e+01
7.300000000000000000e+01
8.000000000000000000e+01
8.300000000000000000e+01
8.700000000000000000e+01
8.900000000000000000e+01
9.000000000000000000e+01
9.300000000000000000e+01
9.900000000000000000e+01
1.010000000000000000e+02
1.060000000000000000e+02
1.090000000000000000e+02
1.140000000000000000e+02
1.160000000000000000e+02
1.180000000000000000e+02
1.200000000000000000e+02
1.240000000000000000e+02
1.300000000000000000e+02
1.320000000000000000e+02
1.340000000000000000e+02
1.390000000000000000e+02
1.430000000000000000e+02
1.510000000000000000e+02
1.520000000000000000e+02
1.540000000000000000e+02
1.600000000000000000e+02
1.610000000000000000e+02
1.660000000000000000e+02
1.710000000000000000e+02
1.760000000000000000e+02
1.770000000000000000e+02
1.830000000000000000e+02
1.850000000000000000e+02
1.860000000000000000e+02
1.940000000000000000e+02
1.980000000000000000e+02
2.030000000000000000e+02
2.050000000000000000e+02
2.070000000000000000e+02
2.130000000000000000e+02
2.170000000000000000e+02
2.190000000000000000e+02
2.210000000000000000e+02
2.230000000000000000e+02
2.280000000000000000e+02
2.310000000000000000e+02
2.360000000000000000e+02
2.380000000000000000e+02
2.440000000000000000e+02
2.470000000000000000e+02
2.480000000000000000e+02
2.500000000000000000e+02
2.540000000000000000e+02
2.570000000000000000e+02
2.640000000000000000e+02
2.660000000000000000e+02
2.670000000000000000e+02
2.690000000000000000e+02
2.700000000000000000e+02
2.760000000000000000e+02
2.770000000000000000e+02
2.840000000000000000e+02
2.860000000000000000e+02
2.910000000000000000e+02
2.920000000000000000e+02
2.930000000000000000e+02
3.030000000000000000e+02
3.040000000000000000e+02
3.060000000000000000e+02
3.080000000000000000e+02
3.140000000000000000e+02
3.150000000000000000e+02
3.170000000000000000e+02
3.180000000000000000e+02
3.220000000000000000e+02
3.270000000000000000e+02
