3.000000000000000000e+00
1.100000000000000000e+01
2.800000000000000000e+01
2.900000000000000000e+01
3.500000000000000000e+01
3.700000000000000000e+01
4.000000000000000000e+01
4.100000000000000000e+01
4.200000000000000000e+01
4.400000000000000000e+01
5.000000000000000000e+01
5.500000000000000000e+01
5.900000000000000000e+01
6.000000000000000000e+01
6.300000000000000000e+01
6.600000000000000000e+01
8.600000000000000000e+01
9.000000000000000000e+01
9.300000000000000000e+01
9.700000000000000000e+01
9.800000000000000000e+01
9.900000000000000000e+01
1.010000000000000000e+02
1.070000000000000000e+02
1.290000000000000000e+02
1.340000000000000000e+02
1.350000000000000000e+02
1.360000000000000000e+02
1.370000000000000000e+02
1.400000000000000000e+02
1.470000000000000000e+02
1.480000000000000000e+02
1.520000000000000000e+02
1.580000000000000000e+02
1.600000000000000000e+02
1.700000000000000000e+02
1.750000000000000000e+02
1.820000000000000000e+02
1.900000000000000000e+02
1.920000000000000000e+02
2.010000000000000000e+02
2.040000000000000000e+02
2.080000000000000000e+02
2.090000000000000000e+02
2.100000000000000000e+02
2.170000000000000000e+02
2.180000000000000000e+02
2.210000000000000000e+02
2.220000000000000000e+02
2.270000000000000000e+02
2.280000000000000000e+02
2.370000000000000000e+02
2.400000000000000000e+02
2.440000000000000000e+02
2.490000000000000000e+02
2.500000000000000000e+02
2.540000000000000000e+02
2.550000000000000000e+02
2.600000000000000000e+02
2.620000000000000000e+02
2.730000000000000000e+02
2.770000000000000000e+02
2.780000000000000000e+02
2.850000000000000000e+02
2.860000000000000000e+02
2.880000000000000000e+02
2.920000000000000000e+02
2.950000000000000000e+02
3.010000000000000000e+02
3.050000000000000000e+02
3.060000000000000000e+02
3.070000000000000000e+02
3.100000000000000000e+02
3.110000000000000000e+02
3.120000000000000000e+02
3.140000000000000000e+02
3.170000000000000000e+02
3.220000000000000000e+02
3.250000000000000000e+02
3.260000000000000000e+02
