2.000000000000000000e+00
3.000000000000000000e+00
7.000000000000000000e+00
1.000000000000000000e+01
1.200000000000000000e+01
1.300000000000000000e+01
1.500000000000000000e+01
1.700000000000000000e+01
1.800000000000000000e+01
2.800000000000000000e+01
3.100000000000000000e+01
3.200000000000000000e+01
3.500000000000000000e+01
3.800000000000000000e+01
4.200000000000000000e+01
4.300000000000000000e+01
4.600000000000000000e+01
4.700000000000000000e+01
5.000000000000000000e+01
5.300000000000000000e+01
5.500000000000000000e+01
6.000000000000000000e+01
6.500000000000000000e+01
6.600000000000000000e+01
7.100000000000000000e+01
7.200000000000000000e+01
7.400000000000000000e+01
7.500000000000000000e+01
7.800000000000000000e+01
8.200000000000000000e+01
8.900000000000000000e+01
9.000000000000000000e+01
9.800000000000000000e+01
9.900000000000000000e+01
1.020000000000000000e+02
1.090000000000000000e+02
1.130000000000000000e+02
1.160000000000000000e+02
1.170000000000000000e+02
1.220000000000000000e+02
1.230000000000000000e+02
1.310000000000000000e+02
1.340000000000000000e+02
1.520000000000000000e+02
1.530000000000000000e+02
1.540000000000000000e+02
1.550000000000000000e+02
1.580000000000000000e+02
1.600000000000000000e+02
1.610000000000000000e+02
1.680000000000000000e+02
1.720000000000000000e+02
1.750000000000000000e+02
1.760000000000000000e+02
1.880000000000000000e+02
1.900000000000000000e+02
1.920000000000000000e+02
2.010000000000000000e+02
2.060000000000000000e+02
2.080000000000000000e+02
2.090000000000000000e+02
2.100000000000000000e+02
2.150000000000000000e+02
2.230000000000000000e+02
2.300000000000000000e+02
2.310000000000000000e+02
2.330000000000000000e+02
2.350000000000000000e+02
2.360000000000000000e+02
2.380000000000000000e+02
2.430000000000000000e+02
2.470000000000000000e+02
2.490000000000000000e+02
2.500000000000000000e+02
2.520000000000000000e+02
2.530000000000000000e+02
2.590000000000000000e+02
2.610000000000000000e+02
2.650000000000000000e+02
2.690000000000000000e+02
2.730000000000000000e+02
2.740000000000000000e+02
2.750000000000000000e+02
2.760000000000000000e+02
2.780000000000000000e+02
2.790000000000000000e+02
2.820000000000000000e+02
2.830000000000000000e+02
2.840000000000000000e+02
2.870000000000000000e+02
2.910000000000000000e+02
2.980000000000000000e+02
2.990000000000000000e+02
3.170000000000000000e+02
3.210000000000000000e+02
3.230000000000000000e+02
3.250000000000000000e+02
3.300000000000000000e+02
3.340000000000000000e+02
3.450000000000000000e+02
3.530000000000000000e+02
3.570000000000000000e+02
3.580000000000000000e+02
3.590000000000000000e+02
3.600000000000000000e+02
3.630000000000000000e+02
3.700000000000000000e+02
3.750000000000000000e+02
