2.000000000000000000e+00
1.400000000000000000e+01
1.800000000000000000e+01
2.200000000000000000e+01
2.300000000000000000e+01
2.400000000000000000e+01
3.000000000000000000e+01
3.900000000000000000e+01
4.000000000000000000e+01
4.100000000000000000e+01
4.300000000000000000e+01
5.000000000000000000e+01
5.300000000000000000e+01
5.400000000000000000e+01
5.700000000000000000e+01
6.500000000000000000e+01
6.600000000000000000e+01
7.100000000000000000e+01
7.200000000000000000e+01
7.600000000000000000e+01
8.300000000000000000e+01
8.700000000000000000e+01
8.800000000000000000e+01
9.000000000000000000e+01
9.600000000000000000e+01
9.800000000000000000e+01
1.020000000000000000e+02
1.160000000000000000e+02
1.170000000000000000e+02
1.340000000000000000e+02
1.360000000000000000e+02
1.410000000000000000e+02
1.430000000000000000e+02
1.450000000000000000e+02
1.500000000000000000e+02
1.540000000000000000e+02
1.600000000000000000e+02
1.680000000000000000e+02
1.770000000000000000e+02
1.830000000000000000e+02
1.850000000000000000e+02
1.860000000000000000e+02
1.930000000000000000e+02
1.940000000000000000e+02
2.000000000000000000e+02
2.080000000000000000e+02
2.090000000000000000e+02
2.100000000000000000e+02
2.110000000000000000e+02
2.120000000000000000e+02
2.130000000000000000e+02
2.210000000000000000e+02
2.270000000000000000e+02
2.280000000000000000e+02
2.350000000000000000e+02
2.360000000000000000e+02
2.380000000000000000e+02
2.440000000000000000e+02
2.530000000000000000e+02
2.610000000000000000e+02
2.670000000000000000e+02
2.710000000000000000e+02
2.760000000000000000e+02
2.780000000000000000e+02
2.800000000000000000e+02
2.850000000000000000e+02
2.870000000000000000e+02
3.040000000000000000e+02
3.050000000000000000e+02
3.190000000000000000e+02
3.230000000000000000e+02
3.250000000000000000e+02
3.310000000000000000e+02
3.330000000000000000e+02
3.340000000000000000e+02
3.380000000000000000e+02
3.450000000000000000e+02
3.490000000000000000e+02
3.500000000000000000e+02
3.550000000000000000e+02
3.560000000000000000e+02
3.640000000000000000e+02
3.670000000000000000e+02
3.680000000000000000e+02
3.710000000000000000e+02
3.780000000000000000e+02
3.800000000000000000e+02
3.810000000000000000e+02
3.820000000000000000e+02
3.910000000000000000e+02
3.970000000000000000e+02
3.980000000000000000e+02
3.990000000000000000e+02
4.030000000000000000e+02
4.070000000000000000e+02
4.190000000000000000e+02
