3.000000000000000000e+00
6.000000000000000000e+00
1.000000000000000000e+01
1.100000000000000000e+01
1.300000000000000000e+01
1.400000000000000000e+01
1.700000000000000000e+01
2.000000000000000000e+01
2.200000000000000000e+01
2.300000000000000000e+01
2.400000000000000000e+01
2.800000000000000000e+01
4.500000000000000000e+01
4.600000000000000000e+01
4.700000000000000000e+01
4.800000000000000000e+01
5.200000000000000000e+01
5.400000000000000000e+01
5.700000000000000000e+01
5.900000000000000000e+01
6.300000000000000000e+01
6.800000000000000000e+01
7.400000000000000000e+01
7.500000000000000000e+01
8.000000000000000000e+01
8.600000000000000000e+01
8.700000000000000000e+01
8.800000000000000000e+01
9.300000000000000000e+01
9.400000000000000000e+01
1.040000000000000000e+02
1.050000000000000000e+02
1.080000000000000000e+02
1.090000000000000000e+02
1.120000000000000000e+02
1.130000000000000000e+02
1.140000000000000000e+02
1.170000000000000000e+02
1.180000000000000000e+02
1.230000000000000000e+02
1.310000000000000000e+02
1.360000000000000000e+02
1.470000000000000000e+02
1.480000000000000000e+02
1.490000000000000000e+02
1.500000000000000000e+02
1.510000000000000000e+02
1.530000000000000000e+02
1.550000000000000000e+02
1.580000000000000000e+02
1.600000000000000000e+02
1.650000000000000000e+02
1.720000000000000000e+02
1.730000000000000000e+02
1.740000000000000000e+02
1.760000000000000000e+02
1.800000000000000000e+02
1.830000000000000000e+02
1.840000000000000000e+02
1.900000000000000000e+02
1.920000000000000000e+02
1.980000000000000000e+02
1.990000000000000000e+02
2.010000000000000000e+02
2.020000000000000000e+02
2.090000000000000000e+02
2.100000000000000000e+02
2.110000000000000000e+02
2.130000000000000000e+02
2.170000000000000000e+02
2.180000000000000000e+02
2.190000000000000000e+02
2.230000000000000000e+02
2.240000000000000000e+02
2.260000000000000000e+02
2.270000000000000000e+02
2.290000000000000000e+02
2.310000000000000000e+02
2.340000000000000000e+02
2.390000000000000000e+02
2.430000000000000000e+02
2.460000000000000000e+02
2.470000000000000000e+02
2.500000000000000000e+02
2.520000000000000000e+02
2.570000000000000000e+02
2.620000000000000000e+02
2.650000000000000000e+02
2.660000000000000000e+02
2.750000000000000000e+02
2.830000000000000000e+02
2.900000000000000000e+02
2.910000000000000000e+02
2.930000000000000000e+02
2.940000000000000000e+02
3.060000000000000000e+02
3.100000000000000000e+02
3.160000000000000000e+02
3.180000000000000000e+02
3.190000000000000000e+02
3.230000000000000000e+02
3.250000000000000000e+02
3.260000000000000000e+02
3.310000000000000000e+02
3.330000000000000000e+02
3.410000000000000000e+02
3.450000000000000000e+02
3.460000000000000000e+02
3.470000000000000000e+02
3.500000000000000000e+02
3.530000000000000000e+02
3.550000000000000000e+02
3.580000000000000000e+02
3.590000000000000000e+02
3.600000000000000000e+02
3.650000000000000000e+02
3.660000000000000000e+02
3.670000000000000000e+02
3.680000000000000000e+02
3.710000000000000000e+02
3.720000000000000000e+02
3.760000000000000000e+02
3.770000000000000000e+02
3.800000000000000000e+02
3.840000000000000000e+02
3.850000000000000000e+02
3.870000000000000000e+02
3.890000000000000000e+02
3.900000000000000000e+02
3.960000000000000000e+02
3.980000000000000000e+02
4.020000000000000000e+02
4.040000000000000000e+02
4.050000000000000000e+02
4.060000000000000000e+02
4.090000000000000000e+02
4.100000000000000000e+02
4.110000000000000000e+02
4.140000000000000000e+02
4.150000000000000000e+02
4.160000000000000000e+02
4.170000000000000000e+02
4.180000000000000000e+02
4.220000000000000000e+02
4.250000000000000000e+02
4.290000000000000000e+02
4.320000000000000000e+02
4.340000000000000000e+02
4.370000000000000000e+02
4.450000000000000000e+02
4.490000000000000000e+02
4.510000000000000000e+02
4.540000000000000000e+02
4.550000000000000000e+02
4.560000000000000000e+02
4.570000000000000000e+02
4.660000000000000000e+02
4.710000000000000000e+02
4.720000000000000000e+02
4.780000000000000000e+02
4.830000000000000000e+02
4.850000000000000000e+02
