3.000000000000000000e+00
6.000000000000000000e+00
7.000000000000000000e+00
1.400000000000000000e+01
1.500000000000000000e+01
1.700000000000000000e+01
1.900000000000000000e+01
2.300000000000000000e+01
2.700000000000000000e+01
2.800000000000000000e+01
3.000000000000000000e+01
3.500000000000000000e+01
3.800000000000000000e+01
4.100000000000000000e+01
4.800000000000000000e+01
5.400000000000000000e+01
6.600000000000000000e+01
6.700000000000000000e+01
6.800000000000000000e+01
7.000000000000000000e+01
7.300000000000000000e+01
7.600000000000000000e+01
7.700000000000000000e+01
7.800000000000000000e+01
7.900000000000000000e+01
8.200000000000000000e+01
8.500000000000000000e+01
8.600000000000000000e+01
8.700000000000000000e+01
9.200000000000000000e+01
9.300000000000000000e+01
9.500000000000000000e+01
9.600000000000000000e+01
1.030000000000000000e+02
1.070000000000000000e+02
1.080000000000000000e+02
1.090000000000000000e+02
1.110000000000000000e+02
1.120000000000000000e+02
1.150000000000000000e+02
1.200000000000000000e+02
1.220000000000000000e+02
1.260000000000000000e+02
1.340000000000000000e+02
1.360000000000000000e+02
1.370000000000000000e+02
1.390000000000000000e+02
1.400000000000000000e+02
1.410000000000000000e+02
1.460000000000000000e+02
1.470000000000000000e+02
1.490000000000000000e+02
1.500000000000000000e+02
1.530000000000000000e+02
1.540000000000000000e+02
1.560000000000000000e+02
1.570000000000000000e+02
1.580000000000000000e+02
1.590000000000000000e+02
1.630000000000000000e+02
1.640000000000000000e+02
1.670000000000000000e+02
1.700000000000000000e+02
1.710000000000000000e+02
1.720000000000000000e+02
1.730000000000000000e+02
1.740000000000000000e+02
1.770000000000000000e+02
1.780000000000000000e+02
1.790000000000000000e+02
1.820000000000000000e+02
1.840000000000000000e+02
1.860000000000000000e+02
1.900000000000000000e+02
1.910000000000000000e+02
1.920000000000000000e+02
1.930000000000000000e+02
1.950000000000000000e+02
2.030000000000000000e+02
2.070000000000000000e+02
2.090000000000000000e+02
2.160000000000000000e+02
2.180000000000000000e+02
2.220000000000000000e+02
2.230000000000000000e+02
2.240000000000000000e+02
2.270000000000000000e+02
2.300000000000000000e+02
2.390000000000000000e+02
2.410000000000000000e+02
2.440000000000000000e+02
2.490000000000000000e+02
2.510000000000000000e+02
2.520000000000000000e+02
2.570000000000000000e+02
2.590000000000000000e+02
2.620000000000000000e+02
2.640000000000000000e+02
2.690000000000000000e+02
2.700000000000000000e+02
2.720000000000000000e+02
2.770000000000000000e+02
2.800000000000000000e+02
2.820000000000000000e+02
2.910000000000000000e+02
2.940000000000000000e+02
2.970000000000000000e+02
2.980000000000000000e+02
2.990000000000000000e+02
3.030000000000000000e+02
3.050000000000000000e+02
3.120000000000000000e+02
3.140000000000000000e+02
3.180000000000000000e+02
3.260000000000000000e+02
3.280000000000000000e+02
3.290000000000000000e+02
3.300000000000000000e+02
3.310000000000000000e+02
3.350000000000000000e+02
3.370000000000000000e+02
3.390000000000000000e+02
3.420000000000000000e+02
3.430000000000000000e+02
3.440000000000000000e+02
3.470000000000000000e+02
3.480000000000000000e+02
3.490000000000000000e+02
3.500000000000000000e+02
3.510000000000000000e+02
3.540000000000000000e+02
3.570000000000000000e+02
3.580000000000000000e+02
3.620000000000000000e+02
3.630000000000000000e+02
3.640000000000000000e+02
3.650000000000000000e+02
3.670000000000000000e+02
3.680000000000000000e+02
3.710000000000000000e+02
3.720000000000000000e+02
3.740000000000000000e+02
3.750000000000000000e+02
3.800000000000000000e+02
3.810000000000000000e+02
3.820000000000000000e+02
3.840000000000000000e+02
3.850000000000000000e+02
3.870000000000000000e+02
3.950000000000000000e+02
3.990000000000000000e+02
4.010000000000000000e+02
4.060000000000000000e+02
4.090000000000000000e+02
4.100000000000000000e+02
4.120000000000000000e+02
4.130000000000000000e+02
4.140000000000000000e+02
4.180000000000000000e+02
4.250000000000000000e+02
4.260000000000000000e+02
4.280000000000000000e+02
4.290000000000000000e+02
4.340000000000000000e+02
4.350000000000000000e+02
4.360000000000000000e+02
4.390000000000000000e+02
4.420000000000000000e+02
4.430000000000000000e+02
4.440000000000000000e+02
4.450000000000000000e+02
4.480000000000000000e+02
4.510000000000000000e+02
4.530000000000000000e+02
4.540000000000000000e+02
4.550000000000000000e+02
4.670000000000000000e+02
4.730000000000000000e+02
4.800000000000000000e+02
4.830000000000000000e+02
4.860000000000000000e+02
4.910000000000000000e+02
4.930000000000000000e+02
4.940000000000000000e+02
4.980000000000000000e+02
5.020000000000000000e+02
5.040000000000000000e+02
5.060000000000000000e+02
5.070000000000000000e+02
5.140000000000000000e+02
5.150000000000000000e+02
5.180000000000000000e+02
