2.000000000000000000e+00
1.000000000000000000e+01
1.300000000000000000e+01
1.400000000000000000e+01
1.800000000000000000e+01
2.400000000000000000e+01
3.000000000000000000e+01
3.700000000000000000e+01
4.000000000000000000e+01
5.100000000000000000e+01
5.400000000000000000e+01
5.500000000000000000e+01
5.900000000000000000e+01
6.200000000000000000e+01
6.500000000000000000e+01
6.700000000000000000e+01
6.800000000000000000e+01
7.200000000000000000e+01
7.300000000000000000e+01
7.700000000000000000e+01
8.300000000000000000e+01
8.600000000000000000e+01
8.700000000000000000e+01
9.100000000000000000e+01
9.400000000000000000e+01
9.600000000000000000e+01
9.800000000000000000e+01
9.900000000000000000e+01
1.070000000000000000e+02
1.130000000000000000e+02
1.140000000000000000e+02
1.160000000000000000e+02
1.170000000000000000e+02
1.260000000000000000e+02
1.270000000000000000e+02
1.280000000000000000e+02
1.310000000000000000e+02
1.320000000000000000e+02
1.380000000000000000e+02
1.500000000000000000e+02
1.520000000000000000e+02
1.530000000000000000e+02
1.560000000000000000e+02
1.580000000000000000e+02
1.630000000000000000e+02
1.760000000000000000e+02
1.810000000000000000e+02
1.830000000000000000e+02
1.840000000000000000e+02
1.950000000000000000e+02
1.970000000000000000e+02
1.990000000000000000e+02
2.060000000000000000e+02
2.080000000000000000e+02
2.100000000000000000e+02
2.130000000000000000e+02
2.180000000000000000e+02
2.200000000000000000e+02
2.230000000000000000e+02
2.240000000000000000e+02
2.440000000000000000e+02
2.480000000000000000e+02
2.500000000000000000e+02
2.570000000000000000e+02
2.580000000000000000e+02
2.590000000000000000e+02
2.600000000000000000e+02
2.610000000000000000e+02
2.630000000000000000e+02
2.670000000000000000e+02
2.690000000000000000e+02
2.700000000000000000e+02
2.710000000000000000e+02
2.720000000000000000e+02
2.740000000000000000e+02
2.780000000000000000e+02
2.800000000000000000e+02
2.810000000000000000e+02
2.820000000000000000e+02
2.830000000000000000e+02
2.840000000000000000e+02
2.910000000000000000e+02
2.930000000000000000e+02
2.970000000000000000e+02
3.170000000000000000e+02
3.180000000000000000e+02
3.210000000000000000e+02
3.230000000000000000e+02
3.280000000000000000e+02
3.310000000000000000e+02
3.330000000000000000e+02
3.350000000000000000e+02
3.420000000000000000e+02
3.440000000000000000e+02
3.460000000000000000e+02
3.570000000000000000e+02
3.580000000000000000e+02
3.600000000000000000e+02
3.650000000000000000e+02
3.780000000000000000e+02
3.830000000000000000e+02
3.850000000000000000e+02
3.880000000000000000e+02
3.890000000000000000e+02
3.910000000000000000e+02
4.030000000000000000e+02
4.090000000000000000e+02
4.100000000000000000e+02
4.130000000000000000e+02
4.140000000000000000e+02
4.150000000000000000e+02
4.240000000000000000e+02
4.250000000000000000e+02
4.270000000000000000e+02
4.280000000000000000e+02
4.340000000000000000e+02
4.420000000000000000e+02
4.430000000000000000e+02
4.450000000000000000e+02
4.470000000000000000e+02
4.500000000000000000e+02
4.540000000000000000e+02
4.550000000000000000e+02
4.580000000000000000e+02
4.640000000000000000e+02
4.680000000000000000e+02
4.690000000000000000e+02
4.730000000000000000e+02
4.740000000000000000e+02
4.760000000000000000e+02
4.790000000000000000e+02
4.820000000000000000e+02
4.860000000000000000e+02
4.870000000000000000e+02
4.900000000000000000e+02
5.010000000000000000e+02
5.040000000000000000e+02
5.110000000000000000e+02
5.170000000000000000e+02
5.230000000000000000e+02
5.270000000000000000e+02
5.280000000000000000e+02
5.310000000000000000e+02
5.390000000000000000e+02
