3.000000000000000000e+00
1.000000000000000000e+01
1.200000000000000000e+01
1.700000000000000000e+01
1.800000000000000000e+01
1.900000000000000000e+01
2.800000000000000000e+01
3.300000000000000000e+01
3.500000000000000000e+01
3.900000000000000000e+01
4.000000000000000000e+01
4.600000000000000000e+01
5.300000000000000000e+01
6.000000000000000000e+01
6.300000000000000000e+01
6.700000000000000000e+01
7.200000000000000000e+01
7.300000000000000000e+01
7.400000000000000000e+01
7.600000000000000000e+01
7.700000000000000000e+01
7.900000000000000000e+01
8.800000000000000000e+01
8.900000000000000000e+01
9.100000000000000000e+01
9.300000000000000000e+01
1.010000000000000000e+02
1.020000000000000000e+02
1.040000000000000000e+02
1.080000000000000000e+02
1.120000000000000000e+02
1.130000000000000000e+02
1.140000000000000000e+02
1.300000000000000000e+02
1.370000000000000000e+02
1.470000000000000000e+02
1.510000000000000000e+02
1.650000000000000000e+02
1.680000000000000000e+02
1.770000000000000000e+02
1.830000000000000000e+02
1.920000000000000000e+02
1.970000000000000000e+02
2.000000000000000000e+02
2.030000000000000000e+02
2.050000000000000000e+02
2.100000000000000000e+02
2.120000000000000000e+02
2.290000000000000000e+02
2.300000000000000000e+02
2.340000000000000000e+02
2.380000000000000000e+02
2.390000000000000000e+02
2.420000000000000000e+02
2.460000000000000000e+02
2.470000000000000000e+02
2.490000000000000000e+02
2.500000000000000000e+02
2.510000000000000000e+02
2.590000000000000000e+02
2.720000000000000000e+02
2.760000000000000000e+02
2.780000000000000000e+02
2.820000000000000000e+02
2.840000000000000000e+02
2.910000000000000000e+02
2.920000000000000000e+02
2.960000000000000000e+02
2.970000000000000000e+02
2.980000000000000000e+02
3.070000000000000000e+02
3.080000000000000000e+02
3.100000000000000000e+02
3.110000000000000000e+02
3.180000000000000000e+02
3.260000000000000000e+02
3.270000000000000000e+02
3.340000000000000000e+02
3.380000000000000000e+02
3.440000000000000000e+02
3.470000000000000000e+02
3.480000000000000000e+02
3.490000000000000000e+02
3.520000000000000000e+02
3.580000000000000000e+02
3.600000000000000000e+02
3.640000000000000000e+02
3.670000000000000000e+02
3.690000000000000000e+02
3.720000000000000000e+02
3.750000000000000000e+02
3.800000000000000000e+02
3.810000000000000000e+02
3.860000000000000000e+02
3.910000000000000000e+02
3.930000000000000000e+02
3.970000000000000000e+02
3.980000000000000000e+02
3.990000000000000000e+02
4.020000000000000000e+02
4.120000000000000000e+02
4.140000000000000000e+02
4.160000000000000000e+02
4.190000000000000000e+02
4.260000000000000000e+02
4.270000000000000000e+02
4.300000000000000000e+02
4.320000000000000000e+02
4.350000000000000000e+02
4.380000000000000000e+02
4.440000000000000000e+02
4.450000000000000000e+02
4.500000000000000000e+02
4.520000000000000000e+02
4.560000000000000000e+02
4.710000000000000000e+02
4.740000000000000000e+02
4.750000000000000000e+02
4.790000000000000000e+02
4.870000000000000000e+02
4.880000000000000000e+02
4.900000000000000000e+02
4.910000000000000000e+02
4.930000000000000000e+02
5.010000000000000000e+02
5.050000000000000000e+02
5.100000000000000000e+02
5.140000000000000000e+02
5.170000000000000000e+02
5.190000000000000000e+02
5.260000000000000000e+02
5.270000000000000000e+02
5.280000000000000000e+02
5.340000000000000000e+02
5.370000000000000000e+02
5.410000000000000000e+02
5.460000000000000000e+02
5.470000000000000000e+02
5.500000000000000000e+02
5.570000000000000000e+02
5.580000000000000000e+02
5.600000000000000000e+02
5.620000000000000000e+02
5.660000000000000000e+02
