5.000000000000000000e+00
7.000000000000000000e+00
1.000000000000000000e+01
1.300000000000000000e+01
1.500000000000000000e+01
2.100000000000000000e+01
2.800000000000000000e+01
3.000000000000000000e+01
3.900000000000000000e+01
4.000000000000000000e+01
4.300000000000000000e+01
4.500000000000000000e+01
5.200000000000000000e+01
5.500000000000000000e+01
5.600000000000000000e+01
5.800000000000000000e+01
6.100000000000000000e+01
6.300000000000000000e+01
7.300000000000000000e+01
7.400000000000000000e+01
7.700000000000000000e+01
7.900000000000000000e+01
8.000000000000000000e+01
8.200000000000000000e+01
8.400000000000000000e+01
8.500000000000000000e+01
8.900000000000000000e+01
9.000000000000000000e+01
9.400000000000000000e+01
9.500000000000000000e+01
1.010000000000000000e+02
1.030000000000000000e+02
1.040000000000000000e+02
1.090000000000000000e+02
1.100000000000000000e+02
1.130000000000000000e+02
1.160000000000000000e+02
1.170000000000000000e+02
1.200000000000000000e+02
1.220000000000000000e+02
1.290000000000000000e+02
1.330000000000000000e+02
1.340000000000000000e+02
1.350000000000000000e+02
1.370000000000000000e+02
1.430000000000000000e+02
1.480000000000000000e+02
1.560000000000000000e+02
1.580000000000000000e+02
1.610000000000000000e+02
1.640000000000000000e+02
1.650000000000000000e+02
1.660000000000000000e+02
1.680000000000000000e+02
1.720000000000000000e+02
1.730000000000000000e+02
1.740000000000000000e+02
1.750000000000000000e+02
1.780000000000000000e+02
1.790000000000000000e+02
1.830000000000000000e+02
1.880000000000000000e+02
1.890000000000000000e+02
1.900000000000000000e+02
1.940000000000000000e+02
2.110000000000000000e+02
2.170000000000000000e+02
2.180000000000000000e+02
2.190000000000000000e+02
2.220000000000000000e+02
2.240000000000000000e+02
2.260000000000000000e+02
2.270000000000000000e+02
2.290000000000000000e+02
2.300000000000000000e+02
2.310000000000000000e+02
2.330000000000000000e+02
2.370000000000000000e+02
2.380000000000000000e+02
2.400000000000000000e+02
2.450000000000000000e+02
2.460000000000000000e+02
2.470000000000000000e+02
2.500000000000000000e+02
2.520000000000000000e+02
2.550000000000000000e+02
2.570000000000000000e+02
2.650000000000000000e+02
2.670000000000000000e+02
2.680000000000000000e+02
2.690000000000000000e+02
2.700000000000000000e+02
2.740000000000000000e+02
2.780000000000000000e+02
2.820000000000000000e+02
2.850000000000000000e+02
2.920000000000000000e+02
2.950000000000000000e+02
2.990000000000000000e+02
3.030000000000000000e+02
3.070000000000000000e+02
3.080000000000000000e+02
3.090000000000000000e+02
3.100000000000000000e+02
3.120000000000000000e+02
3.200000000000000000e+02
3.220000000000000000e+02
3.250000000000000000e+02
3.270000000000000000e+02
3.300000000000000000e+02
3.310000000000000000e+02
3.320000000000000000e+02
3.370000000000000000e+02
3.390000000000000000e+02
3.400000000000000000e+02
3.440000000000000000e+02
3.460000000000000000e+02
3.470000000000000000e+02
3.480000000000000000e+02
3.500000000000000000e+02
3.510000000000000000e+02
3.530000000000000000e+02
3.550000000000000000e+02
3.580000000000000000e+02
3.590000000000000000e+02
3.600000000000000000e+02
3.660000000000000000e+02
3.830000000000000000e+02
3.870000000000000000e+02
3.880000000000000000e+02
3.890000000000000000e+02
3.940000000000000000e+02
3.980000000000000000e+02
3.990000000000000000e+02
4.020000000000000000e+02
4.030000000000000000e+02
4.040000000000000000e+02
4.050000000000000000e+02
4.090000000000000000e+02
4.110000000000000000e+02
4.120000000000000000e+02
4.130000000000000000e+02
4.160000000000000000e+02
4.190000000000000000e+02
4.210000000000000000e+02
4.290000000000000000e+02
4.340000000000000000e+02
4.400000000000000000e+02
4.420000000000000000e+02
4.430000000000000000e+02
4.440000000000000000e+02
4.480000000000000000e+02
4.550000000000000000e+02
4.570000000000000000e+02
4.600000000000000000e+02
4.610000000000000000e+02
4.640000000000000000e+02
4.670000000000000000e+02
4.680000000000000000e+02
4.730000000000000000e+02
4.740000000000000000e+02
4.760000000000000000e+02
4.820000000000000000e+02
4.830000000000000000e+02
4.870000000000000000e+02
4.880000000000000000e+02
4.920000000000000000e+02
4.930000000000000000e+02
4.950000000000000000e+02
4.970000000000000000e+02
4.980000000000000000e+02
5.000000000000000000e+02
5.030000000000000000e+02
5.040000000000000000e+02
5.140000000000000000e+02
5.160000000000000000e+02
5.190000000000000000e+02
5.210000000000000000e+02
5.220000000000000000e+02
5.250000000000000000e+02
5.320000000000000000e+02
5.340000000000000000e+02
5.370000000000000000e+02
5.380000000000000000e+02
5.470000000000000000e+02
5.490000000000000000e+02
5.560000000000000000e+02
5.620000000000000000e+02
5.640000000000000000e+02
5.670000000000000000e+02
5.700000000000000000e+02
5.720000000000000000e+02
