2.000000000000000000e+00
5.000000000000000000e+00
1.200000000000000000e+01
1.800000000000000000e+01
2.100000000000000000e+01
2.200000000000000000e+01
3.000000000000000000e+01
3.200000000000000000e+01
3.400000000000000000e+01
3.700000000000000000e+01
3.900000000000000000e+01
4.500000000000000000e+01
4.700000000000000000e+01
4.800000000000000000e+01
5.600000000000000000e+01
5.700000000000000000e+01
6.700000000000000000e+01
6.900000000000000000e+01
7.500000000000000000e+01
8.000000000000000000e+01
8.200000000000000000e+01
8.300000000000000000e+01
8.400000000000000000e+01
8.500000000000000000e+01
8.600000000000000000e+01
8.700000000000000000e+01
9.300000000000000000e+01
9.700000000000000000e+01
9.800000000000000000e+01
1.030000000000000000e+02
1.040000000000000000e+02
1.060000000000000000e+02
1.080000000000000000e+02
1.200000000000000000e+02
1.270000000000000000e+02
1.280000000000000000e+02
1.320000000000000000e+02
1.390000000000000000e+02
1.400000000000000000e+02
1.420000000000000000e+02
1.460000000000000000e+02
1.470000000000000000e+02
1.520000000000000000e+02
1.560000000000000000e+02
1.630000000000000000e+02
1.670000000000000000e+02
1.820000000000000000e+02
1.840000000000000000e+02
1.890000000000000000e+02
1.970000000000000000e+02
1.980000000000000000e+02
1.990000000000000000e+02
2.000000000000000000e+02
2.040000000000000000e+02
2.050000000000000000e+02
2.100000000000000000e+02
2.110000000000000000e+02
2.130000000000000000e+02
2.140000000000000000e+02
2.150000000000000000e+02
2.180000000000000000e+02
2.220000000000000000e+02
2.240000000000000000e+02
2.270000000000000000e+02
2.280000000000000000e+02
2.290000000000000000e+02
2.310000000000000000e+02
2.320000000000000000e+02
2.330000000000000000e+02
2.360000000000000000e+02
2.420000000000000000e+02
2.440000000000000000e+02
2.450000000000000000e+02
2.480000000000000000e+02
2.510000000000000000e+02
2.600000000000000000e+02
2.620000000000000000e+02
2.650000000000000000e+02
2.660000000000000000e+02
2.670000000000000000e+02
2.680000000000000000e+02
2.700000000000000000e+02
2.710000000000000000e+02
2.730000000000000000e+02
2.740000000000000000e+02
2.760000000000000000e+02
2.770000000000000000e+02
2.820000000000000000e+02
2.830000000000000000e+02
2.880000000000000000e+02
2.930000000000000000e+02
2.980000000000000000e+02
3.000000000000000000e+02
3.020000000000000000e+02
3.110000000000000000e+02
3.140000000000000000e+02
3.160000000000000000e+02
3.200000000000000000e+02
3.210000000000000000e+02
3.220000000000000000e+02
3.300000000000000000e+02
3.330000000000000000e+02
3.380000000000000000e+02
3.470000000000000000e+02
3.480000000000000000e+02
3.500000000000000000e+02
3.510000000000000000e+02
3.520000000000000000e+02
3.530000000000000000e+02
3.540000000000000000e+02
3.550000000000000000e+02
3.570000000000000000e+02
3.580000000000000000e+02
3.590000000000000000e+02
3.620000000000000000e+02
3.650000000000000000e+02
3.660000000000000000e+02
3.720000000000000000e+02
3.740000000000000000e+02
3.790000000000000000e+02
3.800000000000000000e+02
3.820000000000000000e+02
3.880000000000000000e+02
3.900000000000000000e+02
3.920000000000000000e+02
3.930000000000000000e+02
3.990000000000000000e+02
4.010000000000000000e+02
4.040000000000000000e+02
4.050000000000000000e+02
4.060000000000000000e+02
4.070000000000000000e+02
4.120000000000000000e+02
4.130000000000000000e+02
4.160000000000000000e+02
4.210000000000000000e+02
4.230000000000000000e+02
4.270000000000000000e+02
4.310000000000000000e+02
4.320000000000000000e+02
4.330000000000000000e+02
4.340000000000000000e+02
4.460000000000000000e+02
4.470000000000000000e+02
4.490000000000000000e+02
4.520000000000000000e+02
4.530000000000000000e+02
4.550000000000000000e+02
4.570000000000000000e+02
4.600000000000000000e+02
4.690000000000000000e+02
4.710000000000000000e+02
4.740000000000000000e+02
4.790000000000000000e+02
4.830000000000000000e+02
4.870000000000000000e+02
4.920000000000000000e+02
4.940000000000000000e+02
4.950000000000000000e+02
4.980000000000000000e+02
5.000000000000000000e+02
5.070000000000000000e+02
5.080000000000000000e+02
5.100000000000000000e+02
5.130000000000000000e+02
5.160000000000000000e+02
5.170000000000000000e+02
5.190000000000000000e+02
