3.000000000000000000e+00
7.000000000000000000e+00
1.200000000000000000e+01
1.300000000000000000e+01
1.400000000000000000e+01
1.500000000000000000e+01
1.900000000000000000e+01
2.600000000000000000e+01
5.100000000000000000e+01
5.300000000000000000e+01
5.400000000000000000e+01
5.600000000000000000e+01
5.900000000000000000e+01
6.000000000000000000e+01
6.100000000000000000e+01
6.300000000000000000e+01
6.500000000000000000e+01
7.000000000000000000e+01
7.500000000000000000e+01
7.600000000000000000e+01
8.700000000000000000e+01
9.300000000000000000e+01
9.500000000000000000e+01
9.600000000000000000e+01
9.900000000000000000e+01
1.020000000000000000e+02
1.030000000000000000e+02
1.080000000000000000e+02
1.090000000000000000e+02
1.100000000000000000e+02
1.120000000000000000e+02
1.130000000000000000e+02
1.170000000000000000e+02
1.180000000000000000e+02
1.200000000000000000e+02
1.230000000000000000e+02
1.290000000000000000e+02
1.310000000000000000e+02
1.480000000000000000e+02
1.740000000000000000e+02
1.810000000000000000e+02
1.850000000000000000e+02
1.860000000000000000e+02
1.920000000000000000e+02
1.930000000000000000e+02
2.010000000000000000e+02
2.080000000000000000e+02
2.110000000000000000e+02
2.130000000000000000e+02
2.270000000000000000e+02
2.310000000000000000e+02
2.330000000000000000e+02
2.370000000000000000e+02
2.390000000000000000e+02
2.410000000000000000e+02
2.440000000000000000e+02
2.460000000000000000e+02
2.490000000000000000e+02
2.520000000000000000e+02
2.630000000000000000e+02
2.670000000000000000e+02
2.700000000000000000e+02
2.710000000000000000e+02
2.730000000000000000e+02
2.740000000000000000e+02
2.750000000000000000e+02
2.800000000000000000e+02
2.950000000000000000e+02
2.960000000000000000e+02
2.990000000000000000e+02
3.000000000000000000e+02
3.010000000000000000e+02
3.030000000000000000e+02
3.050000000000000000e+02
3.130000000000000000e+02
3.170000000000000000e+02
3.230000000000000000e+02
3.250000000000000000e+02
3.340000000000000000e+02
3.420000000000000000e+02
3.460000000000000000e+02
3.470000000000000000e+02
3.630000000000000000e+02
3.650000000000000000e+02
3.800000000000000000e+02
3.810000000000000000e+02
3.830000000000000000e+02
3.860000000000000000e+02
3.960000000000000000e+02
3.990000000000000000e+02
4.020000000000000000e+02
4.060000000000000000e+02
4.080000000000000000e+02
4.090000000000000000e+02
4.170000000000000000e+02
4.210000000000000000e+02
4.240000000000000000e+02
4.260000000000000000e+02
4.290000000000000000e+02
4.340000000000000000e+02
4.350000000000000000e+02
4.400000000000000000e+02
4.420000000000000000e+02
4.480000000000000000e+02
4.620000000000000000e+02
4.650000000000000000e+02
4.670000000000000000e+02
4.680000000000000000e+02
4.710000000000000000e+02
4.750000000000000000e+02
4.800000000000000000e+02
4.820000000000000000e+02
4.860000000000000000e+02
4.870000000000000000e+02
4.950000000000000000e+02
4.990000000000000000e+02
5.070000000000000000e+02
5.150000000000000000e+02
5.160000000000000000e+02
5.200000000000000000e+02
5.310000000000000000e+02
5.340000000000000000e+02
5.410000000000000000e+02
5.460000000000000000e+02
5.470000000000000000e+02
5.500000000000000000e+02
5.510000000000000000e+02
5.540000000000000000e+02
5.590000000000000000e+02
5.600000000000000000e+02
5.630000000000000000e+02
5.640000000000000000e+02
5.650000000000000000e+02
5.820000000000000000e+02
5.850000000000000000e+02
5.860000000000000000e+02
5.890000000000000000e+02
6.000000000000000000e+02
6.020000000000000000e+02
6.080000000000000000e+02
6.110000000000000000e+02
6.140000000000000000e+02
6.210000000000000000e+02
6.220000000000000000e+02
