1.100000000000000000e+01
1.300000000000000000e+01
1.400000000000000000e+01
1.700000000000000000e+01
1.900000000000000000e+01
2.100000000000000000e+01
3.500000000000000000e+01
3.700000000000000000e+01
4.100000000000000000e+01
4.400000000000000000e+01
4.600000000000000000e+01
4.700000000000000000e+01
5.200000000000000000e+01
5.600000000000000000e+01
5.800000000000000000e+01
5.900000000000000000e+01
6.100000000000000000e+01
6.200000000000000000e+01
6.600000000000000000e+01
6.800000000000000000e+01
6.900000000000000000e+01
7.300000000000000000e+01
7.600000000000000000e+01
7.800000000000000000e+01
7.900000000000000000e+01
8.400000000000000000e+01
8.700000000000000000e+01
9.100000000000000000e+01
9.300000000000000000e+01
9.800000000000000000e+01
9.900000000000000000e+01
1.020000000000000000e+02
1.060000000000000000e+02
1.090000000000000000e+02
1.100000000000000000e+02
1.130000000000000000e+02
1.140000000000000000e+02
1.150000000000000000e+02
1.170000000000000000e+02
1.260000000000000000e+02
1.300000000000000000e+02
1.330000000000000000e+02
1.370000000000000000e+02
1.400000000000000000e+02
1.450000000000000000e+02
1.470000000000000000e+02
1.480000000000000000e+02
1.510000000000000000e+02
1.530000000000000000e+02
1.550000000000000000e+02
1.590000000000000000e+02
1.640000000000000000e+02
1.650000000000000000e+02
1.660000000000000000e+02
1.700000000000000000e+02
1.710000000000000000e+02
1.760000000000000000e+02
1.790000000000000000e+02
1.840000000000000000e+02
1.880000000000000000e+02
1.890000000000000000e+02
1.900000000000000000e+02
1.940000000000000000e+02
1.950000000000000000e+02
1.970000000000000000e+02
1.990000000000000000e+02
2.020000000000000000e+02
2.080000000000000000e+02
2.100000000000000000e+02
2.220000000000000000e+02
2.230000000000000000e+02
2.240000000000000000e+02
2.270000000000000000e+02
2.320000000000000000e+02
2.360000000000000000e+02
2.390000000000000000e+02
2.420000000000000000e+02
2.440000000000000000e+02
2.450000000000000000e+02
2.460000000000000000e+02
2.480000000000000000e+02
2.490000000000000000e+02
2.530000000000000000e+02
2.550000000000000000e+02
2.630000000000000000e+02
2.640000000000000000e+02
2.650000000000000000e+02
2.670000000000000000e+02
2.720000000000000000e+02
2.750000000000000000e+02
2.760000000000000000e+02
2.780000000000000000e+02
2.820000000000000000e+02
2.850000000000000000e+02
2.870000000000000000e+02
2.910000000000000000e+02
2.920000000000000000e+02
2.980000000000000000e+02
3.010000000000000000e+02
3.030000000000000000e+02
3.040000000000000000e+02
3.110000000000000000e+02
3.120000000000000000e+02
3.130000000000000000e+02
3.150000000000000000e+02
3.160000000000000000e+02
3.250000000000000000e+02
3.330000000000000000e+02
3.360000000000000000e+02
3.370000000000000000e+02
3.380000000000000000e+02
3.410000000000000000e+02
3.460000000000000000e+02
3.470000000000000000e+02
3.480000000000000000e+02
3.490000000000000000e+02
3.500000000000000000e+02
3.530000000000000000e+02
3.540000000000000000e+02
3.630000000000000000e+02
3.640000000000000000e+02
3.660000000000000000e+02
3.690000000000000000e+02
3.700000000000000000e+02
3.720000000000000000e+02
3.740000000000000000e+02
3.770000000000000000e+02
3.820000000000000000e+02
3.830000000000000000e+02
3.910000000000000000e+02
3.920000000000000000e+02
3.960000000000000000e+02
4.060000000000000000e+02
4.080000000000000000e+02
4.090000000000000000e+02
4.100000000000000000e+02
4.130000000000000000e+02
4.140000000000000000e+02
4.150000000000000000e+02
4.170000000000000000e+02
4.230000000000000000e+02
4.240000000000000000e+02
4.250000000000000000e+02
4.310000000000000000e+02
4.360000000000000000e+02
4.380000000000000000e+02
4.390000000000000000e+02
4.400000000000000000e+02
4.450000000000000000e+02
4.470000000000000000e+02
4.520000000000000000e+02
4.560000000000000000e+02
4.570000000000000000e+02
4.580000000000000000e+02
4.600000000000000000e+02
4.610000000000000000e+02
4.680000000000000000e+02
4.690000000000000000e+02
4.700000000000000000e+02
4.740000000000000000e+02
4.750000000000000000e+02
4.850000000000000000e+02
4.870000000000000000e+02
4.910000000000000000e+02
4.940000000000000000e+02
4.970000000000000000e+02
5.020000000000000000e+02
5.040000000000000000e+02
5.050000000000000000e+02
5.070000000000000000e+02
5.110000000000000000e+02
5.190000000000000000e+02
5.200000000000000000e+02
5.210000000000000000e+02
5.220000000000000000e+02
5.250000000000000000e+02
5.270000000000000000e+02
5.310000000000000000e+02
5.320000000000000000e+02
5.380000000000000000e+02
5.390000000000000000e+02
5.420000000000000000e+02
5.460000000000000000e+02
5.480000000000000000e+02
5.490000000000000000e+02
5.510000000000000000e+02
5.540000000000000000e+02
5.550000000000000000e+02
5.580000000000000000e+02
5.600000000000000000e+02
5.610000000000000000e+02
5.690000000000000000e+02
5.730000000000000000e+02
5.780000000000000000e+02
5.800000000000000000e+02
5.860000000000000000e+02
5.880000000000000000e+02
5.900000000000000000e+02
5.920000000000000000e+02
5.940000000000000000e+02
6.010000000000000000e+02
6.040000000000000000e+02
6.050000000000000000e+02
6.090000000000000000e+02
6.100000000000000000e+02
6.120000000000000000e+02
6.140000000000000000e+02
6.150000000000000000e+02
6.170000000000000000e+02
6.200000000000000000e+02
6.210000000000000000e+02
6.360000000000000000e+02
