2.000000000000000000e+00
6.000000000000000000e+00
1.800000000000000000e+01
2.300000000000000000e+01
2.800000000000000000e+01
3.400000000000000000e+01
3.500000000000000000e+01
3.700000000000000000e+01
4.000000000000000000e+01
5.400000000000000000e+01
6.900000000000000000e+01
7.600000000000000000e+01
7.900000000000000000e+01
8.400000000000000000e+01
8.800000000000000000e+01
9.200000000000000000e+01
9.500000000000000000e+01
9.800000000000000000e+01
1.020000000000000000e+02
1.050000000000000000e+02
1.100000000000000000e+02
1.110000000000000000e+02
1.120000000000000000e+02
1.150000000000000000e+02
1.180000000000000000e+02
1.200000000000000000e+02
1.280000000000000000e+02
1.310000000000000000e+02
1.430000000000000000e+02
1.500000000000000000e+02
1.510000000000000000e+02
1.600000000000000000e+02
1.620000000000000000e+02
1.670000000000000000e+02
1.700000000000000000e+02
1.750000000000000000e+02
1.810000000000000000e+02
1.820000000000000000e+02
1.830000000000000000e+02
1.940000000000000000e+02
1.950000000000000000e+02
2.000000000000000000e+02
2.070000000000000000e+02
2.080000000000000000e+02
2.110000000000000000e+02
2.210000000000000000e+02
2.280000000000000000e+02
2.320000000000000000e+02
2.370000000000000000e+02
2.420000000000000000e+02
2.510000000000000000e+02
2.520000000000000000e+02
2.530000000000000000e+02
2.570000000000000000e+02
2.600000000000000000e+02
2.630000000000000000e+02
2.640000000000000000e+02
2.680000000000000000e+02
2.760000000000000000e+02
2.770000000000000000e+02
2.810000000000000000e+02
2.840000000000000000e+02
2.850000000000000000e+02
2.870000000000000000e+02
2.900000000000000000e+02
2.940000000000000000e+02
3.010000000000000000e+02
3.040000000000000000e+02
3.060000000000000000e+02
3.070000000000000000e+02
3.140000000000000000e+02
3.150000000000000000e+02
3.160000000000000000e+02
3.170000000000000000e+02
3.230000000000000000e+02
3.250000000000000000e+02
3.260000000000000000e+02
3.280000000000000000e+02
3.290000000000000000e+02
3.300000000000000000e+02
3.310000000000000000e+02
3.320000000000000000e+02
3.330000000000000000e+02
3.350000000000000000e+02
3.360000000000000000e+02
3.380000000000000000e+02
3.440000000000000000e+02
3.450000000000000000e+02
3.460000000000000000e+02
3.470000000000000000e+02
3.540000000000000000e+02
3.550000000000000000e+02
3.570000000000000000e+02
3.600000000000000000e+02
3.670000000000000000e+02
3.710000000000000000e+02
3.740000000000000000e+02
3.760000000000000000e+02
3.770000000000000000e+02
3.800000000000000000e+02
3.840000000000000000e+02
3.850000000000000000e+02
3.930000000000000000e+02
3.970000000000000000e+02
3.980000000000000000e+02
4.010000000000000000e+02
4.040000000000000000e+02
4.080000000000000000e+02
4.090000000000000000e+02
4.100000000000000000e+02
4.190000000000000000e+02
4.240000000000000000e+02
4.290000000000000000e+02
4.330000000000000000e+02
4.400000000000000000e+02
4.500000000000000000e+02
4.530000000000000000e+02
4.540000000000000000e+02
4.610000000000000000e+02
4.660000000000000000e+02
4.670000000000000000e+02
4.780000000000000000e+02
4.790000000000000000e+02
4.800000000000000000e+02
4.860000000000000000e+02
4.910000000000000000e+02
4.940000000000000000e+02
4.990000000000000000e+02
5.010000000000000000e+02
5.100000000000000000e+02
5.110000000000000000e+02
5.180000000000000000e+02
5.300000000000000000e+02
5.330000000000000000e+02
5.410000000000000000e+02
5.430000000000000000e+02
5.460000000000000000e+02
5.490000000000000000e+02
5.500000000000000000e+02
5.510000000000000000e+02
5.560000000000000000e+02
5.590000000000000000e+02
5.630000000000000000e+02
5.660000000000000000e+02
5.690000000000000000e+02
5.730000000000000000e+02
5.770000000000000000e+02
5.820000000000000000e+02
5.850000000000000000e+02
5.920000000000000000e+02
6.070000000000000000e+02
6.210000000000000000e+02
6.240000000000000000e+02
6.260000000000000000e+02
6.270000000000000000e+02
6.330000000000000000e+02
6.380000000000000000e+02
6.430000000000000000e+02
6.550000000000000000e+02
6.590000000000000000e+02
