5.000000000000000000e+00
1.100000000000000000e+01
1.700000000000000000e+01
1.900000000000000000e+01
2.000000000000000000e+01
3.000000000000000000e+01
3.100000000000000000e+01
3.400000000000000000e+01
3.500000000000000000e+01
3.800000000000000000e+01
4.000000000000000000e+01
4.300000000000000000e+01
4.400000000000000000e+01
4.500000000000000000e+01
4.700000000000000000e+01
5.100000000000000000e+01
6.000000000000000000e+01
6.100000000000000000e+01
6.600000000000000000e+01
6.700000000000000000e+01
8.200000000000000000e+01
8.800000000000000000e+01
9.000000000000000000e+01
9.900000000000000000e+01
1.010000000000000000e+02
1.090000000000000000e+02
1.150000000000000000e+02
1.190000000000000000e+02
1.230000000000000000e+02
1.240000000000000000e+02
1.300000000000000000e+02
1.320000000000000000e+02
1.330000000000000000e+02
1.340000000000000000e+02
1.350000000000000000e+02
1.360000000000000000e+02
1.370000000000000000e+02
1.400000000000000000e+02
1.420000000000000000e+02
1.450000000000000000e+02
1.520000000000000000e+02
1.570000000000000000e+02
1.580000000000000000e+02
1.600000000000000000e+02
1.640000000000000000e+02
1.720000000000000000e+02
1.730000000000000000e+02
1.850000000000000000e+02
1.860000000000000000e+02
1.880000000000000000e+02
1.930000000000000000e+02
1.980000000000000000e+02
1.990000000000000000e+02
2.040000000000000000e+02
2.100000000000000000e+02
2.110000000000000000e+02
2.130000000000000000e+02
2.210000000000000000e+02
2.260000000000000000e+02
2.370000000000000000e+02
2.380000000000000000e+02
2.400000000000000000e+02
2.440000000000000000e+02
2.460000000000000000e+02
2.470000000000000000e+02
2.480000000000000000e+02
2.500000000000000000e+02
2.510000000000000000e+02
2.530000000000000000e+02
2.580000000000000000e+02
2.600000000000000000e+02
2.650000000000000000e+02
2.660000000000000000e+02
2.690000000000000000e+02
2.720000000000000000e+02
2.740000000000000000e+02
2.790000000000000000e+02
2.800000000000000000e+02
2.820000000000000000e+02
2.840000000000000000e+02
2.860000000000000000e+02
2.900000000000000000e+02
2.970000000000000000e+02
3.010000000000000000e+02
3.040000000000000000e+02
3.060000000000000000e+02
3.110000000000000000e+02
3.130000000000000000e+02
3.150000000000000000e+02
3.160000000000000000e+02
3.190000000000000000e+02
3.200000000000000000e+02
3.210000000000000000e+02
3.290000000000000000e+02
3.310000000000000000e+02
3.340000000000000000e+02
3.390000000000000000e+02
3.420000000000000000e+02
3.440000000000000000e+02
3.520000000000000000e+02
3.530000000000000000e+02
3.540000000000000000e+02
3.570000000000000000e+02
3.580000000000000000e+02
3.600000000000000000e+02
3.620000000000000000e+02
3.670000000000000000e+02
3.690000000000000000e+02
3.720000000000000000e+02
3.760000000000000000e+02
3.830000000000000000e+02
3.870000000000000000e+02
3.890000000000000000e+02
3.910000000000000000e+02
3.930000000000000000e+02
3.940000000000000000e+02
3.990000000000000000e+02
4.010000000000000000e+02
4.040000000000000000e+02
4.070000000000000000e+02
4.080000000000000000e+02
4.130000000000000000e+02
4.150000000000000000e+02
4.200000000000000000e+02
4.220000000000000000e+02
4.230000000000000000e+02
4.250000000000000000e+02
4.260000000000000000e+02
4.270000000000000000e+02
4.290000000000000000e+02
4.330000000000000000e+02
4.350000000000000000e+02
4.360000000000000000e+02
4.470000000000000000e+02
4.520000000000000000e+02
4.600000000000000000e+02
4.620000000000000000e+02
4.630000000000000000e+02
4.690000000000000000e+02
4.740000000000000000e+02
4.750000000000000000e+02
4.800000000000000000e+02
4.850000000000000000e+02
4.870000000000000000e+02
4.880000000000000000e+02
5.000000000000000000e+02
5.010000000000000000e+02
5.090000000000000000e+02
5.130000000000000000e+02
5.150000000000000000e+02
5.160000000000000000e+02
5.210000000000000000e+02
5.280000000000000000e+02
5.310000000000000000e+02
5.330000000000000000e+02
5.360000000000000000e+02
5.370000000000000000e+02
5.380000000000000000e+02
5.390000000000000000e+02
5.400000000000000000e+02
5.410000000000000000e+02
5.430000000000000000e+02
5.490000000000000000e+02
5.500000000000000000e+02
5.540000000000000000e+02
5.580000000000000000e+02
5.640000000000000000e+02
5.720000000000000000e+02
5.740000000000000000e+02
5.830000000000000000e+02
5.850000000000000000e+02
5.910000000000000000e+02
6.060000000000000000e+02
6.070000000000000000e+02
6.120000000000000000e+02
6.130000000000000000e+02
6.220000000000000000e+02
6.260000000000000000e+02
6.280000000000000000e+02
6.290000000000000000e+02
6.300000000000000000e+02
6.330000000000000000e+02
6.350000000000000000e+02
6.380000000000000000e+02
6.390000000000000000e+02
6.420000000000000000e+02
6.430000000000000000e+02
6.530000000000000000e+02
6.540000000000000000e+02
6.560000000000000000e+02
6.620000000000000000e+02
6.680000000000000000e+02
