3.000000000000000000e+00
6.000000000000000000e+00
1.200000000000000000e+01
1.500000000000000000e+01
1.700000000000000000e+01
1.900000000000000000e+01
2.300000000000000000e+01
2.400000000000000000e+01
2.700000000000000000e+01
3.000000000000000000e+01
3.300000000000000000e+01
3.400000000000000000e+01
3.800000000000000000e+01
3.900000000000000000e+01
4.100000000000000000e+01
4.300000000000000000e+01
4.600000000000000000e+01
4.700000000000000000e+01
4.800000000000000000e+01
5.300000000000000000e+01
5.400000000000000000e+01
6.000000000000000000e+01
6.600000000000000000e+01
6.800000000000000000e+01
7.500000000000000000e+01
7.600000000000000000e+01
7.800000000000000000e+01
8.200000000000000000e+01
8.300000000000000000e+01
8.500000000000000000e+01
8.600000000000000000e+01
9.200000000000000000e+01
9.400000000000000000e+01
9.500000000000000000e+01
9.600000000000000000e+01
9.700000000000000000e+01
1.010000000000000000e+02
1.060000000000000000e+02
1.070000000000000000e+02
1.080000000000000000e+02
1.090000000000000000e+02
1.110000000000000000e+02
1.130000000000000000e+02
1.150000000000000000e+02
1.190000000000000000e+02
1.200000000000000000e+02
1.270000000000000000e+02
1.320000000000000000e+02
1.330000000000000000e+02
1.350000000000000000e+02
1.360000000000000000e+02
1.390000000000000000e+02
1.470000000000000000e+02
1.500000000000000000e+02
1.520000000000000000e+02
1.560000000000000000e+02
1.610000000000000000e+02
1.640000000000000000e+02
1.650000000000000000e+02
1.660000000000000000e+02
1.670000000000000000e+02
1.700000000000000000e+02
1.710000000000000000e+02
1.720000000000000000e+02
1.790000000000000000e+02
1.810000000000000000e+02
1.840000000000000000e+02
1.870000000000000000e+02
1.880000000000000000e+02
1.890000000000000000e+02
1.900000000000000000e+02
1.920000000000000000e+02
1.940000000000000000e+02
1.950000000000000000e+02
1.970000000000000000e+02
2.020000000000000000e+02
2.030000000000000000e+02
2.050000000000000000e+02
2.070000000000000000e+02
2.090000000000000000e+02
2.110000000000000000e+02
2.120000000000000000e+02
2.130000000000000000e+02
2.140000000000000000e+02
2.150000000000000000e+02
2.160000000000000000e+02
2.170000000000000000e+02
2.180000000000000000e+02
2.190000000000000000e+02
2.220000000000000000e+02
2.230000000000000000e+02
2.260000000000000000e+02
2.270000000000000000e+02
2.300000000000000000e+02
2.310000000000000000e+02
2.350000000000000000e+02
2.370000000000000000e+02
2.380000000000000000e+02
2.400000000000000000e+02
2.470000000000000000e+02
2.510000000000000000e+02
2.530000000000000000e+02
2.540000000000000000e+02
2.570000000000000000e+02
2.610000000000000000e+02
2.630000000000000000e+02
2.640000000000000000e+02
2.650000000000000000e+02
2.660000000000000000e+02
2.670000000000000000e+02
2.700000000000000000e+02
2.720000000000000000e+02
2.730000000000000000e+02
2.780000000000000000e+02
2.790000000000000000e+02
2.830000000000000000e+02
2.940000000000000000e+02
2.970000000000000000e+02
2.990000000000000000e+02
3.000000000000000000e+02
3.010000000000000000e+02
3.040000000000000000e+02
3.070000000000000000e+02
3.090000000000000000e+02
3.110000000000000000e+02
3.120000000000000000e+02
3.130000000000000000e+02
3.190000000000000000e+02
3.220000000000000000e+02
3.280000000000000000e+02
3.290000000000000000e+02
3.300000000000000000e+02
3.320000000000000000e+02
3.340000000000000000e+02
3.370000000000000000e+02
3.400000000000000000e+02
3.410000000000000000e+02
3.420000000000000000e+02
3.440000000000000000e+02
3.470000000000000000e+02
3.580000000000000000e+02
3.620000000000000000e+02
3.630000000000000000e+02
3.680000000000000000e+02
3.690000000000000000e+02
3.710000000000000000e+02
3.740000000000000000e+02
3.750000000000000000e+02
3.760000000000000000e+02
3.770000000000000000e+02
3.780000000000000000e+02
3.800000000000000000e+02
3.840000000000000000e+02
3.870000000000000000e+02
3.880000000000000000e+02
3.900000000000000000e+02
3.940000000000000000e+02
4.010000000000000000e+02
4.030000000000000000e+02
4.040000000000000000e+02
4.060000000000000000e+02
4.100000000000000000e+02
4.110000000000000000e+02
4.140000000000000000e+02
4.150000000000000000e+02
4.180000000000000000e+02
4.190000000000000000e+02
4.220000000000000000e+02
4.230000000000000000e+02
4.240000000000000000e+02
4.250000000000000000e+02
4.260000000000000000e+02
4.270000000000000000e+02
4.280000000000000000e+02
4.290000000000000000e+02
4.300000000000000000e+02
4.320000000000000000e+02
4.340000000000000000e+02
4.360000000000000000e+02
4.380000000000000000e+02
4.390000000000000000e+02
4.440000000000000000e+02
4.460000000000000000e+02
4.470000000000000000e+02
4.490000000000000000e+02
4.510000000000000000e+02
4.520000000000000000e+02
4.530000000000000000e+02
4.540000000000000000e+02
4.570000000000000000e+02
4.600000000000000000e+02
4.620000000000000000e+02
4.690000000000000000e+02
4.700000000000000000e+02
4.710000000000000000e+02
4.740000000000000000e+02
4.750000000000000000e+02
4.760000000000000000e+02
4.770000000000000000e+02
4.800000000000000000e+02
4.850000000000000000e+02
4.890000000000000000e+02
4.910000000000000000e+02
4.940000000000000000e+02
5.020000000000000000e+02
5.050000000000000000e+02
5.060000000000000000e+02
5.080000000000000000e+02
5.090000000000000000e+02
5.140000000000000000e+02
5.210000000000000000e+02
5.220000000000000000e+02
5.260000000000000000e+02
5.280000000000000000e+02
5.300000000000000000e+02
5.320000000000000000e+02
5.330000000000000000e+02
5.340000000000000000e+02
5.350000000000000000e+02
5.400000000000000000e+02
5.440000000000000000e+02
5.450000000000000000e+02
5.460000000000000000e+02
5.470000000000000000e+02
5.490000000000000000e+02
5.550000000000000000e+02
5.560000000000000000e+02
5.580000000000000000e+02
5.590000000000000000e+02
5.630000000000000000e+02
5.650000000000000000e+02
5.660000000000000000e+02
5.730000000000000000e+02
5.750000000000000000e+02
5.810000000000000000e+02
5.870000000000000000e+02
5.880000000000000000e+02
5.930000000000000000e+02
5.940000000000000000e+02
5.950000000000000000e+02
5.980000000000000000e+02
6.000000000000000000e+02
6.020000000000000000e+02
6.030000000000000000e+02
6.070000000000000000e+02
6.080000000000000000e+02
6.110000000000000000e+02
6.140000000000000000e+02
6.170000000000000000e+02
6.180000000000000000e+02
6.220000000000000000e+02
6.240000000000000000e+02
6.260000000000000000e+02
6.290000000000000000e+02
6.350000000000000000e+02
6.380000000000000000e+02
