2.000000000000000000e+00
5.000000000000000000e+00
6.000000000000000000e+00
1.100000000000000000e+01
1.300000000000000000e+01
1.400000000000000000e+01
1.500000000000000000e+01
1.800000000000000000e+01
2.000000000000000000e+01
3.200000000000000000e+01
3.300000000000000000e+01
3.400000000000000000e+01
3.800000000000000000e+01
4.200000000000000000e+01
4.400000000000000000e+01
4.500000000000000000e+01
5.000000000000000000e+01
5.300000000000000000e+01
5.400000000000000000e+01
5.600000000000000000e+01
5.800000000000000000e+01
6.000000000000000000e+01
7.300000000000000000e+01
7.400000000000000000e+01
8.600000000000000000e+01
9.100000000000000000e+01
9.200000000000000000e+01
9.400000000000000000e+01
9.500000000000000000e+01
9.900000000000000000e+01
1.020000000000000000e+02
1.090000000000000000e+02
1.130000000000000000e+02
1.140000000000000000e+02
1.170000000000000000e+02
1.240000000000000000e+02
1.260000000000000000e+02
1.270000000000000000e+02
1.280000000000000000e+02
1.300000000000000000e+02
1.320000000000000000e+02
1.340000000000000000e+02
1.350000000000000000e+02
1.360000000000000000e+02
1.400000000000000000e+02
1.500000000000000000e+02
1.590000000000000000e+02
1.610000000000000000e+02
1.620000000000000000e+02
1.630000000000000000e+02
1.680000000000000000e+02
1.730000000000000000e+02
1.740000000000000000e+02
1.800000000000000000e+02
1.850000000000000000e+02
1.930000000000000000e+02
2.000000000000000000e+02
2.050000000000000000e+02
2.080000000000000000e+02
2.090000000000000000e+02
2.110000000000000000e+02
2.150000000000000000e+02
2.170000000000000000e+02
2.190000000000000000e+02
2.210000000000000000e+02
2.220000000000000000e+02
2.230000000000000000e+02
2.290000000000000000e+02
2.320000000000000000e+02
2.330000000000000000e+02
2.350000000000000000e+02
2.360000000000000000e+02
2.410000000000000000e+02
2.420000000000000000e+02
2.450000000000000000e+02
2.470000000000000000e+02
2.490000000000000000e+02
2.510000000000000000e+02
2.580000000000000000e+02
2.620000000000000000e+02
2.660000000000000000e+02
2.710000000000000000e+02
2.730000000000000000e+02
2.740000000000000000e+02
2.760000000000000000e+02
2.780000000000000000e+02
2.820000000000000000e+02
2.830000000000000000e+02
2.850000000000000000e+02
2.860000000000000000e+02
2.880000000000000000e+02
2.930000000000000000e+02
2.970000000000000000e+02
3.020000000000000000e+02
3.050000000000000000e+02
3.060000000000000000e+02
3.070000000000000000e+02
3.080000000000000000e+02
3.110000000000000000e+02
3.160000000000000000e+02
3.200000000000000000e+02
3.250000000000000000e+02
3.270000000000000000e+02
3.280000000000000000e+02
3.300000000000000000e+02
3.310000000000000000e+02
3.350000000000000000e+02
3.370000000000000000e+02
3.390000000000000000e+02
3.400000000000000000e+02
3.420000000000000000e+02
3.470000000000000000e+02
3.510000000000000000e+02
3.550000000000000000e+02
3.620000000000000000e+02
3.640000000000000000e+02
3.660000000000000000e+02
3.680000000000000000e+02
3.710000000000000000e+02
3.720000000000000000e+02
3.770000000000000000e+02
3.780000000000000000e+02
3.800000000000000000e+02
3.810000000000000000e+02
3.840000000000000000e+02
3.900000000000000000e+02
3.910000000000000000e+02
3.920000000000000000e+02
3.940000000000000000e+02
3.960000000000000000e+02
3.980000000000000000e+02
4.020000000000000000e+02
4.040000000000000000e+02
4.050000000000000000e+02
4.080000000000000000e+02
4.130000000000000000e+02
4.200000000000000000e+02
4.280000000000000000e+02
4.330000000000000000e+02
4.390000000000000000e+02
4.400000000000000000e+02
4.450000000000000000e+02
4.500000000000000000e+02
4.510000000000000000e+02
4.520000000000000000e+02
4.540000000000000000e+02
4.630000000000000000e+02
4.730000000000000000e+02
4.770000000000000000e+02
4.780000000000000000e+02
4.790000000000000000e+02
4.810000000000000000e+02
4.830000000000000000e+02
4.850000000000000000e+02
4.860000000000000000e+02
4.870000000000000000e+02
4.890000000000000000e+02
4.960000000000000000e+02
4.990000000000000000e+02
5.000000000000000000e+02
5.040000000000000000e+02
5.110000000000000000e+02
5.140000000000000000e+02
5.180000000000000000e+02
5.190000000000000000e+02
5.210000000000000000e+02
5.220000000000000000e+02
5.270000000000000000e+02
5.390000000000000000e+02
5.400000000000000000e+02
5.530000000000000000e+02
5.550000000000000000e+02
5.570000000000000000e+02
5.590000000000000000e+02
5.600000000000000000e+02
5.630000000000000000e+02
5.680000000000000000e+02
5.690000000000000000e+02
5.710000000000000000e+02
5.750000000000000000e+02
5.790000000000000000e+02
5.800000000000000000e+02
5.810000000000000000e+02
5.930000000000000000e+02
5.950000000000000000e+02
5.980000000000000000e+02
5.990000000000000000e+02
6.000000000000000000e+02
6.020000000000000000e+02
6.070000000000000000e+02
6.080000000000000000e+02
6.110000000000000000e+02
