7.000000000000000000e+00
1.100000000000000000e+01
1.400000000000000000e+01
1.900000000000000000e+01
2.200000000000000000e+01
2.900000000000000000e+01
3.300000000000000000e+01
3.400000000000000000e+01
3.500000000000000000e+01
3.800000000000000000e+01
4.100000000000000000e+01
4.200000000000000000e+01
4.300000000000000000e+01
4.400000000000000000e+01
5.300000000000000000e+01
5.500000000000000000e+01
5.600000000000000000e+01
5.800000000000000000e+01
6.600000000000000000e+01
6.800000000000000000e+01
7.000000000000000000e+01
7.300000000000000000e+01
8.200000000000000000e+01
8.400000000000000000e+01
8.600000000000000000e+01
8.800000000000000000e+01
9.100000000000000000e+01
9.300000000000000000e+01
9.500000000000000000e+01
1.030000000000000000e+02
1.070000000000000000e+02
1.100000000000000000e+02
1.120000000000000000e+02
1.140000000000000000e+02
1.270000000000000000e+02
1.360000000000000000e+02
1.370000000000000000e+02
1.420000000000000000e+02
1.430000000000000000e+02
1.450000000000000000e+02
1.460000000000000000e+02
1.520000000000000000e+02
1.530000000000000000e+02
1.550000000000000000e+02
1.590000000000000000e+02
1.610000000000000000e+02
1.640000000000000000e+02
1.680000000000000000e+02
1.720000000000000000e+02
1.730000000000000000e+02
1.740000000000000000e+02
1.770000000000000000e+02
1.820000000000000000e+02
1.860000000000000000e+02
1.890000000000000000e+02
1.900000000000000000e+02
2.060000000000000000e+02
2.120000000000000000e+02
2.200000000000000000e+02
2.240000000000000000e+02
2.280000000000000000e+02
2.320000000000000000e+02
2.470000000000000000e+02
2.490000000000000000e+02
2.530000000000000000e+02
2.540000000000000000e+02
2.550000000000000000e+02
2.570000000000000000e+02
2.640000000000000000e+02
2.650000000000000000e+02
2.720000000000000000e+02
2.740000000000000000e+02
2.800000000000000000e+02
2.830000000000000000e+02
2.840000000000000000e+02
2.860000000000000000e+02
2.900000000000000000e+02
2.910000000000000000e+02
2.920000000000000000e+02
2.970000000000000000e+02
3.040000000000000000e+02
3.090000000000000000e+02
3.100000000000000000e+02
3.110000000000000000e+02
3.150000000000000000e+02
3.170000000000000000e+02
3.180000000000000000e+02
3.210000000000000000e+02
3.270000000000000000e+02
3.290000000000000000e+02
3.360000000000000000e+02
3.370000000000000000e+02
3.440000000000000000e+02
3.460000000000000000e+02
3.470000000000000000e+02
3.480000000000000000e+02
3.520000000000000000e+02
3.540000000000000000e+02
3.690000000000000000e+02
3.730000000000000000e+02
3.770000000000000000e+02
3.810000000000000000e+02
3.890000000000000000e+02
3.950000000000000000e+02
4.110000000000000000e+02
4.120000000000000000e+02
4.150000000000000000e+02
4.190000000000000000e+02
4.240000000000000000e+02
4.270000000000000000e+02
4.280000000000000000e+02
4.290000000000000000e+02
4.330000000000000000e+02
4.370000000000000000e+02
4.400000000000000000e+02
4.420000000000000000e+02
4.460000000000000000e+02
4.480000000000000000e+02
4.490000000000000000e+02
4.550000000000000000e+02
4.560000000000000000e+02
4.580000000000000000e+02
4.590000000000000000e+02
4.640000000000000000e+02
4.650000000000000000e+02
4.740000000000000000e+02
4.870000000000000000e+02
4.890000000000000000e+02
4.910000000000000000e+02
4.940000000000000000e+02
4.980000000000000000e+02
5.060000000000000000e+02
5.080000000000000000e+02
5.100000000000000000e+02
5.130000000000000000e+02
5.150000000000000000e+02
5.170000000000000000e+02
5.190000000000000000e+02
5.280000000000000000e+02
5.310000000000000000e+02
5.330000000000000000e+02
5.350000000000000000e+02
5.430000000000000000e+02
5.450000000000000000e+02
5.460000000000000000e+02
5.480000000000000000e+02
5.570000000000000000e+02
5.580000000000000000e+02
5.590000000000000000e+02
5.600000000000000000e+02
5.630000000000000000e+02
5.660000000000000000e+02
5.670000000000000000e+02
5.680000000000000000e+02
5.720000000000000000e+02
5.790000000000000000e+02
5.820000000000000000e+02
5.870000000000000000e+02
5.900000000000000000e+02
5.940000000000000000e+02
