2.000000000000000000e+00
6.000000000000000000e+00
1.000000000000000000e+01
1.400000000000000000e+01
1.700000000000000000e+01
2.200000000000000000e+01
2.300000000000000000e+01
2.400000000000000000e+01
3.100000000000000000e+01
3.200000000000000000e+01
3.700000000000000000e+01
3.800000000000000000e+01
3.900000000000000000e+01
4.000000000000000000e+01
4.100000000000000000e+01
5.100000000000000000e+01
5.200000000000000000e+01
5.400000000000000000e+01
5.600000000000000000e+01
6.100000000000000000e+01
6.500000000000000000e+01
6.900000000000000000e+01
7.100000000000000000e+01
7.200000000000000000e+01
7.900000000000000000e+01
8.500000000000000000e+01
8.600000000000000000e+01
8.800000000000000000e+01
8.900000000000000000e+01
9.000000000000000000e+01
9.300000000000000000e+01
9.400000000000000000e+01
9.700000000000000000e+01
1.110000000000000000e+02
1.150000000000000000e+02
1.170000000000000000e+02
1.180000000000000000e+02
1.190000000000000000e+02
1.200000000000000000e+02
1.260000000000000000e+02
1.280000000000000000e+02
1.390000000000000000e+02
1.430000000000000000e+02
1.500000000000000000e+02
1.520000000000000000e+02
1.550000000000000000e+02
1.590000000000000000e+02
1.610000000000000000e+02
1.620000000000000000e+02
1.640000000000000000e+02
1.680000000000000000e+02
1.730000000000000000e+02
1.740000000000000000e+02
1.830000000000000000e+02
1.850000000000000000e+02
1.950000000000000000e+02
1.980000000000000000e+02
2.000000000000000000e+02
2.040000000000000000e+02
2.080000000000000000e+02
2.100000000000000000e+02
2.120000000000000000e+02
2.130000000000000000e+02
2.170000000000000000e+02
2.190000000000000000e+02
2.290000000000000000e+02
2.320000000000000000e+02
2.330000000000000000e+02
2.390000000000000000e+02
2.410000000000000000e+02
2.470000000000000000e+02
2.490000000000000000e+02
2.500000000000000000e+02
2.530000000000000000e+02
2.540000000000000000e+02
2.590000000000000000e+02
2.640000000000000000e+02
2.650000000000000000e+02
2.670000000000000000e+02
2.690000000000000000e+02
2.700000000000000000e+02
2.720000000000000000e+02
2.730000000000000000e+02
2.760000000000000000e+02
2.800000000000000000e+02
2.810000000000000000e+02
2.820000000000000000e+02
2.880000000000000000e+02
2.900000000000000000e+02
2.920000000000000000e+02
2.940000000000000000e+02
2.980000000000000000e+02
3.020000000000000000e+02
3.030000000000000000e+02
3.050000000000000000e+02
3.070000000000000000e+02
3.110000000000000000e+02
3.160000000000000000e+02
3.170000000000000000e+02
3.210000000000000000e+02
3.230000000000000000e+02
3.250000000000000000e+02
3.260000000000000000e+02
3.270000000000000000e+02
3.300000000000000000e+02
3.310000000000000000e+02
3.320000000000000000e+02
3.370000000000000000e+02
3.380000000000000000e+02
3.400000000000000000e+02
3.410000000000000000e+02
3.420000000000000000e+02
3.440000000000000000e+02
3.470000000000000000e+02
3.500000000000000000e+02
3.540000000000000000e+02
3.550000000000000000e+02
3.590000000000000000e+02
3.620000000000000000e+02
3.650000000000000000e+02
3.670000000000000000e+02
3.680000000000000000e+02
3.690000000000000000e+02
3.710000000000000000e+02
3.720000000000000000e+02
3.770000000000000000e+02
3.780000000000000000e+02
3.790000000000000000e+02
3.820000000000000000e+02
3.830000000000000000e+02
3.840000000000000000e+02
3.860000000000000000e+02
3.880000000000000000e+02
3.920000000000000000e+02
3.930000000000000000e+02
3.980000000000000000e+02
4.020000000000000000e+02
4.040000000000000000e+02
4.060000000000000000e+02
4.070000000000000000e+02
4.110000000000000000e+02
4.150000000000000000e+02
4.170000000000000000e+02
4.190000000000000000e+02
4.210000000000000000e+02
4.270000000000000000e+02
4.280000000000000000e+02
4.290000000000000000e+02
4.330000000000000000e+02
4.360000000000000000e+02
4.370000000000000000e+02
4.390000000000000000e+02
4.400000000000000000e+02
4.420000000000000000e+02
4.440000000000000000e+02
4.450000000000000000e+02
4.500000000000000000e+02
4.550000000000000000e+02
4.560000000000000000e+02
4.590000000000000000e+02
4.600000000000000000e+02
4.620000000000000000e+02
4.680000000000000000e+02
4.700000000000000000e+02
4.760000000000000000e+02
4.770000000000000000e+02
4.800000000000000000e+02
4.900000000000000000e+02
4.920000000000000000e+02
4.960000000000000000e+02
4.970000000000000000e+02
4.990000000000000000e+02
5.010000000000000000e+02
5.050000000000000000e+02
5.090000000000000000e+02
5.110000000000000000e+02
5.140000000000000000e+02
5.240000000000000000e+02
5.260000000000000000e+02
5.350000000000000000e+02
5.360000000000000000e+02
5.410000000000000000e+02
5.450000000000000000e+02
5.470000000000000000e+02
5.480000000000000000e+02
5.500000000000000000e+02
5.540000000000000000e+02
5.570000000000000000e+02
5.590000000000000000e+02
5.660000000000000000e+02
5.700000000000000000e+02
5.810000000000000000e+02
5.830000000000000000e+02
5.890000000000000000e+02
5.900000000000000000e+02
5.910000000000000000e+02
5.920000000000000000e+02
5.940000000000000000e+02
5.980000000000000000e+02
6.120000000000000000e+02
6.150000000000000000e+02
6.160000000000000000e+02
6.190000000000000000e+02
6.200000000000000000e+02
6.210000000000000000e+02
6.230000000000000000e+02
6.240000000000000000e+02
6.300000000000000000e+02
6.370000000000000000e+02
6.380000000000000000e+02
6.400000000000000000e+02
6.440000000000000000e+02
6.480000000000000000e+02
6.530000000000000000e+02
6.550000000000000000e+02
6.570000000000000000e+02
6.580000000000000000e+02
6.680000000000000000e+02
6.690000000000000000e+02
6.700000000000000000e+02
6.710000000000000000e+02
6.720000000000000000e+02
6.770000000000000000e+02
6.780000000000000000e+02
6.850000000000000000e+02
6.860000000000000000e+02
6.870000000000000000e+02
6.920000000000000000e+02
6.950000000000000000e+02
6.990000000000000000e+02
7.030000000000000000e+02
7.070000000000000000e+02
