3.000000000000000000e+00
7.000000000000000000e+00
1.200000000000000000e+01
1.800000000000000000e+01
1.900000000000000000e+01
2.200000000000000000e+01
2.300000000000000000e+01
2.800000000000000000e+01
2.900000000000000000e+01
3.300000000000000000e+01
3.400000000000000000e+01
3.500000000000000000e+01
4.200000000000000000e+01
4.800000000000000000e+01
5.100000000000000000e+01
6.000000000000000000e+01
6.200000000000000000e+01
7.100000000000000000e+01
7.200000000000000000e+01
7.500000000000000000e+01
7.600000000000000000e+01
7.700000000000000000e+01
7.800000000000000000e+01
8.200000000000000000e+01
8.300000000000000000e+01
8.600000000000000000e+01
8.800000000000000000e+01
9.000000000000000000e+01
9.200000000000000000e+01
9.500000000000000000e+01
9.800000000000000000e+01
1.010000000000000000e+02
1.030000000000000000e+02
1.100000000000000000e+02
1.110000000000000000e+02
1.120000000000000000e+02
1.150000000000000000e+02
1.160000000000000000e+02
1.170000000000000000e+02
1.180000000000000000e+02
1.190000000000000000e+02
1.230000000000000000e+02
1.310000000000000000e+02
1.320000000000000000e+02
1.340000000000000000e+02
1.360000000000000000e+02
1.380000000000000000e+02
1.390000000000000000e+02
1.400000000000000000e+02
1.430000000000000000e+02
1.450000000000000000e+02
1.460000000000000000e+02
1.580000000000000000e+02
1.620000000000000000e+02
1.630000000000000000e+02
1.650000000000000000e+02
1.680000000000000000e+02
1.700000000000000000e+02
1.710000000000000000e+02
1.740000000000000000e+02
1.750000000000000000e+02
1.770000000000000000e+02
1.820000000000000000e+02
1.920000000000000000e+02
1.930000000000000000e+02
2.040000000000000000e+02
2.100000000000000000e+02
2.140000000000000000e+02
2.210000000000000000e+02
2.260000000000000000e+02
2.290000000000000000e+02
2.330000000000000000e+02
2.400000000000000000e+02
2.420000000000000000e+02
2.430000000000000000e+02
2.480000000000000000e+02
2.530000000000000000e+02
2.550000000000000000e+02
2.590000000000000000e+02
2.730000000000000000e+02
2.810000000000000000e+02
2.820000000000000000e+02
2.840000000000000000e+02
2.870000000000000000e+02
2.880000000000000000e+02
2.970000000000000000e+02
2.980000000000000000e+02
3.000000000000000000e+02
3.040000000000000000e+02
3.080000000000000000e+02
3.100000000000000000e+02
3.110000000000000000e+02
3.120000000000000000e+02
3.140000000000000000e+02
3.180000000000000000e+02
3.190000000000000000e+02
3.220000000000000000e+02
3.280000000000000000e+02
3.310000000000000000e+02
3.320000000000000000e+02
3.340000000000000000e+02
3.440000000000000000e+02
3.520000000000000000e+02
3.530000000000000000e+02
3.550000000000000000e+02
3.600000000000000000e+02
3.620000000000000000e+02
3.680000000000000000e+02
3.740000000000000000e+02
3.750000000000000000e+02
3.780000000000000000e+02
3.800000000000000000e+02
3.850000000000000000e+02
3.890000000000000000e+02
3.900000000000000000e+02
3.910000000000000000e+02
3.920000000000000000e+02
3.940000000000000000e+02
3.970000000000000000e+02
3.990000000000000000e+02
4.030000000000000000e+02
4.040000000000000000e+02
4.060000000000000000e+02
4.090000000000000000e+02
4.100000000000000000e+02
4.120000000000000000e+02
4.130000000000000000e+02
4.150000000000000000e+02
4.230000000000000000e+02
4.260000000000000000e+02
4.300000000000000000e+02
4.400000000000000000e+02
4.440000000000000000e+02
4.470000000000000000e+02
4.480000000000000000e+02
4.490000000000000000e+02
4.500000000000000000e+02
4.530000000000000000e+02
4.590000000000000000e+02
4.600000000000000000e+02
4.610000000000000000e+02
4.630000000000000000e+02
4.640000000000000000e+02
4.670000000000000000e+02
4.680000000000000000e+02
4.710000000000000000e+02
4.720000000000000000e+02
4.750000000000000000e+02
4.760000000000000000e+02
4.770000000000000000e+02
4.820000000000000000e+02
4.900000000000000000e+02
4.920000000000000000e+02
4.930000000000000000e+02
4.940000000000000000e+02
4.980000000000000000e+02
5.010000000000000000e+02
5.030000000000000000e+02
5.050000000000000000e+02
5.070000000000000000e+02
5.090000000000000000e+02
5.150000000000000000e+02
5.170000000000000000e+02
5.190000000000000000e+02
5.240000000000000000e+02
5.260000000000000000e+02
5.280000000000000000e+02
5.330000000000000000e+02
5.340000000000000000e+02
5.360000000000000000e+02
5.370000000000000000e+02
5.430000000000000000e+02
5.440000000000000000e+02
5.490000000000000000e+02
5.500000000000000000e+02
5.520000000000000000e+02
5.550000000000000000e+02
5.560000000000000000e+02
5.580000000000000000e+02
5.590000000000000000e+02
5.600000000000000000e+02
5.630000000000000000e+02
5.670000000000000000e+02
5.720000000000000000e+02
5.730000000000000000e+02
5.750000000000000000e+02
5.780000000000000000e+02
5.800000000000000000e+02
5.820000000000000000e+02
5.830000000000000000e+02
5.840000000000000000e+02
5.850000000000000000e+02
5.870000000000000000e+02
5.890000000000000000e+02
5.900000000000000000e+02
5.950000000000000000e+02
5.970000000000000000e+02
5.980000000000000000e+02
6.150000000000000000e+02
6.180000000000000000e+02
6.190000000000000000e+02
6.260000000000000000e+02
6.320000000000000000e+02
6.340000000000000000e+02
6.370000000000000000e+02
6.430000000000000000e+02
6.480000000000000000e+02
6.520000000000000000e+02
6.540000000000000000e+02
6.550000000000000000e+02
6.580000000000000000e+02
6.600000000000000000e+02
6.660000000000000000e+02
6.690000000000000000e+02
6.700000000000000000e+02
6.710000000000000000e+02
6.720000000000000000e+02
6.730000000000000000e+02
6.800000000000000000e+02
6.810000000000000000e+02
6.830000000000000000e+02
6.840000000000000000e+02
6.900000000000000000e+02
6.930000000000000000e+02
6.940000000000000000e+02
6.950000000000000000e+02
6.960000000000000000e+02
6.980000000000000000e+02
7.000000000000000000e+02
7.010000000000000000e+02
7.030000000000000000e+02
7.080000000000000000e+02
7.090000000000000000e+02
7.150000000000000000e+02
7.180000000000000000e+02
7.220000000000000000e+02
7.250000000000000000e+02
7.280000000000000000e+02
7.300000000000000000e+02
7.330000000000000000e+02
