3.000000000000000000e+00
6.000000000000000000e+00
7.000000000000000000e+00
2.800000000000000000e+01
2.900000000000000000e+01
3.000000000000000000e+01
3.400000000000000000e+01
3.500000000000000000e+01
3.700000000000000000e+01
3.900000000000000000e+01
4.300000000000000000e+01
4.700000000000000000e+01
4.800000000000000000e+01
5.300000000000000000e+01
5.400000000000000000e+01
5.900000000000000000e+01
6.000000000000000000e+01
6.300000000000000000e+01
6.600000000000000000e+01
6.800000000000000000e+01
7.000000000000000000e+01
7.400000000000000000e+01
7.500000000000000000e+01
7.700000000000000000e+01
