2.000000000000000000e+00
5.000000000000000000e+00
1.200000000000000000e+01
1.300000000000000000e+01
1.400000000000000000e+01
1.700000000000000000e+01
1.800000000000000000e+01
2.100000000000000000e+01
2.200000000000000000e+01
3.000000000000000000e+01
3.200000000000000000e+01
3.300000000000000000e+01
3.500000000000000000e+01
4.500000000000000000e+01
4.800000000000000000e+01
5.300000000000000000e+01
5.500000000000000000e+01
5.600000000000000000e+01
5.700000000000000000e+01
5.900000000000000000e+01
6.200000000000000000e+01
6.900000000000000000e+01
7.400000000000000000e+01
7.500000000000000000e+01
7.800000000000000000e+01
7.900000000000000000e+01
8.000000000000000000e+01
8.200000000000000000e+01
8.300000000000000000e+01
8.700000000000000000e+01
8.800000000000000000e+01
8.900000000000000000e+01
9.100000000000000000e+01
9.400000000000000000e+01
1.020000000000000000e+02
1.030000000000000000e+02
1.080000000000000000e+02
1.090000000000000000e+02
1.110000000000000000e+02
1.170000000000000000e+02
1.190000000000000000e+02
1.200000000000000000e+02
1.230000000000000000e+02
1.260000000000000000e+02
1.270000000000000000e+02
1.280000000000000000e+02
1.310000000000000000e+02
1.370000000000000000e+02
1.400000000000000000e+02
1.410000000000000000e+02
1.430000000000000000e+02
1.460000000000000000e+02
1.470000000000000000e+02
1.510000000000000000e+02
1.520000000000000000e+02
1.530000000000000000e+02
1.550000000000000000e+02
1.620000000000000000e+02
1.630000000000000000e+02
1.720000000000000000e+02
1.810000000000000000e+02
1.840000000000000000e+02
1.850000000000000000e+02
1.870000000000000000e+02
1.890000000000000000e+02
1.930000000000000000e+02
1.940000000000000000e+02
1.950000000000000000e+02
1.980000000000000000e+02
2.000000000000000000e+02
2.010000000000000000e+02
2.020000000000000000e+02
2.050000000000000000e+02
2.080000000000000000e+02
2.120000000000000000e+02
2.200000000000000000e+02
2.260000000000000000e+02
2.280000000000000000e+02
2.310000000000000000e+02
2.320000000000000000e+02
2.330000000000000000e+02
2.350000000000000000e+02
2.360000000000000000e+02
2.440000000000000000e+02
2.550000000000000000e+02
2.580000000000000000e+02
2.660000000000000000e+02
2.700000000000000000e+02
2.710000000000000000e+02
2.720000000000000000e+02
2.760000000000000000e+02
2.780000000000000000e+02
2.840000000000000000e+02
2.880000000000000000e+02
2.910000000000000000e+02
2.930000000000000000e+02
2.960000000000000000e+02
2.970000000000000000e+02
2.980000000000000000e+02
3.000000000000000000e+02
3.010000000000000000e+02
3.030000000000000000e+02
3.120000000000000000e+02
3.150000000000000000e+02
3.200000000000000000e+02
3.210000000000000000e+02
3.220000000000000000e+02
3.280000000000000000e+02
3.310000000000000000e+02
3.340000000000000000e+02
3.360000000000000000e+02
3.390000000000000000e+02
3.460000000000000000e+02
3.470000000000000000e+02
3.480000000000000000e+02
3.490000000000000000e+02
3.500000000000000000e+02
3.560000000000000000e+02
3.580000000000000000e+02
3.590000000000000000e+02
3.630000000000000000e+02
3.640000000000000000e+02
3.650000000000000000e+02
3.660000000000000000e+02
3.670000000000000000e+02
3.720000000000000000e+02
3.760000000000000000e+02
3.920000000000000000e+02
3.940000000000000000e+02
3.980000000000000000e+02
4.030000000000000000e+02
4.050000000000000000e+02
4.060000000000000000e+02
4.090000000000000000e+02
4.180000000000000000e+02
4.260000000000000000e+02
4.270000000000000000e+02
4.300000000000000000e+02
4.320000000000000000e+02
4.340000000000000000e+02
4.360000000000000000e+02
4.460000000000000000e+02
4.470000000000000000e+02
4.540000000000000000e+02
4.580000000000000000e+02
4.600000000000000000e+02
4.630000000000000000e+02
4.730000000000000000e+02
4.740000000000000000e+02
4.760000000000000000e+02
4.770000000000000000e+02
4.780000000000000000e+02
4.790000000000000000e+02
4.810000000000000000e+02
4.820000000000000000e+02
4.850000000000000000e+02
4.950000000000000000e+02
4.970000000000000000e+02
4.980000000000000000e+02
5.000000000000000000e+02
5.040000000000000000e+02
5.050000000000000000e+02
5.060000000000000000e+02
5.070000000000000000e+02
5.130000000000000000e+02
5.140000000000000000e+02
5.190000000000000000e+02
5.200000000000000000e+02
5.230000000000000000e+02
5.240000000000000000e+02
5.260000000000000000e+02
5.270000000000000000e+02
5.280000000000000000e+02
5.300000000000000000e+02
5.310000000000000000e+02
5.330000000000000000e+02
5.360000000000000000e+02
5.370000000000000000e+02
5.380000000000000000e+02
5.410000000000000000e+02
5.470000000000000000e+02
5.500000000000000000e+02
5.530000000000000000e+02
5.570000000000000000e+02
5.580000000000000000e+02
5.620000000000000000e+02
5.650000000000000000e+02
5.660000000000000000e+02
5.700000000000000000e+02
5.720000000000000000e+02
5.800000000000000000e+02
5.810000000000000000e+02
5.880000000000000000e+02
5.900000000000000000e+02
5.910000000000000000e+02
5.970000000000000000e+02
6.010000000000000000e+02
6.080000000000000000e+02
6.100000000000000000e+02
6.110000000000000000e+02
6.140000000000000000e+02
6.160000000000000000e+02
6.180000000000000000e+02
6.190000000000000000e+02
6.210000000000000000e+02
6.220000000000000000e+02
6.280000000000000000e+02
6.290000000000000000e+02
6.380000000000000000e+02
6.430000000000000000e+02
6.450000000000000000e+02
6.510000000000000000e+02
6.520000000000000000e+02
6.630000000000000000e+02
6.650000000000000000e+02
6.660000000000000000e+02
6.710000000000000000e+02
6.740000000000000000e+02
6.750000000000000000e+02
6.800000000000000000e+02
6.820000000000000000e+02
6.830000000000000000e+02
6.860000000000000000e+02
6.870000000000000000e+02
6.880000000000000000e+02
6.900000000000000000e+02
6.910000000000000000e+02
6.950000000000000000e+02
6.970000000000000000e+02
7.010000000000000000e+02
7.020000000000000000e+02
7.100000000000000000e+02
7.110000000000000000e+02
7.200000000000000000e+02
7.210000000000000000e+02
7.220000000000000000e+02
7.240000000000000000e+02
7.330000000000000000e+02
7.360000000000000000e+02
7.380000000000000000e+02
7.400000000000000000e+02
7.450000000000000000e+02
7.460000000000000000e+02
7.470000000000000000e+02
7.480000000000000000e+02
7.500000000000000000e+02
7.510000000000000000e+02
7.530000000000000000e+02
7.580000000000000000e+02
7.610000000000000000e+02
7.620000000000000000e+02
7.640000000000000000e+02
7.680000000000000000e+02
7.710000000000000000e+02
7.720000000000000000e+02
7.760000000000000000e+02
7.770000000000000000e+02
7.800000000000000000e+02
7.810000000000000000e+02
7.830000000000000000e+02
