5.000000000000000000e+00
1.000000000000000000e+01
1.900000000000000000e+01
2.000000000000000000e+01
2.100000000000000000e+01
3.100000000000000000e+01
3.500000000000000000e+01
3.700000000000000000e+01
3.800000000000000000e+01
3.900000000000000000e+01
4.000000000000000000e+01
4.200000000000000000e+01
4.500000000000000000e+01
5.100000000000000000e+01
5.800000000000000000e+01
5.900000000000000000e+01
6.200000000000000000e+01
7.000000000000000000e+01
7.400000000000000000e+01
7.500000000000000000e+01
7.600000000000000000e+01
7.700000000000000000e+01
7.800000000000000000e+01
8.000000000000000000e+01
8.300000000000000000e+01
8.400000000000000000e+01
8.500000000000000000e+01
8.900000000000000000e+01
1.020000000000000000e+02
1.070000000000000000e+02
1.150000000000000000e+02
1.160000000000000000e+02
1.180000000000000000e+02
1.240000000000000000e+02
1.290000000000000000e+02
1.410000000000000000e+02
1.430000000000000000e+02
1.470000000000000000e+02
1.480000000000000000e+02
1.490000000000000000e+02
1.500000000000000000e+02
1.540000000000000000e+02
1.560000000000000000e+02
1.650000000000000000e+02
1.660000000000000000e+02
1.680000000000000000e+02
1.700000000000000000e+02
1.710000000000000000e+02
1.780000000000000000e+02
1.800000000000000000e+02
1.830000000000000000e+02
1.870000000000000000e+02
1.890000000000000000e+02
1.910000000000000000e+02
1.930000000000000000e+02
2.010000000000000000e+02
2.030000000000000000e+02
2.040000000000000000e+02
2.140000000000000000e+02
2.170000000000000000e+02
2.190000000000000000e+02
2.230000000000000000e+02
2.290000000000000000e+02
2.300000000000000000e+02
2.320000000000000000e+02
2.360000000000000000e+02
2.390000000000000000e+02
2.470000000000000000e+02
2.480000000000000000e+02
2.510000000000000000e+02
2.580000000000000000e+02
2.610000000000000000e+02
2.650000000000000000e+02
2.710000000000000000e+02
2.750000000000000000e+02
2.770000000000000000e+02
2.790000000000000000e+02
2.800000000000000000e+02
2.830000000000000000e+02
2.860000000000000000e+02
2.870000000000000000e+02
2.910000000000000000e+02
2.940000000000000000e+02
3.000000000000000000e+02
3.040000000000000000e+02
3.050000000000000000e+02
3.070000000000000000e+02
3.080000000000000000e+02
3.090000000000000000e+02
3.110000000000000000e+02
3.120000000000000000e+02
3.150000000000000000e+02
3.170000000000000000e+02
3.200000000000000000e+02
3.270000000000000000e+02
3.300000000000000000e+02
3.320000000000000000e+02
3.330000000000000000e+02
3.350000000000000000e+02
3.360000000000000000e+02
3.390000000000000000e+02
3.400000000000000000e+02
3.420000000000000000e+02
3.550000000000000000e+02
3.560000000000000000e+02
3.570000000000000000e+02
3.600000000000000000e+02
3.660000000000000000e+02
3.730000000000000000e+02
3.740000000000000000e+02
3.780000000000000000e+02
3.790000000000000000e+02
3.810000000000000000e+02
3.820000000000000000e+02
3.830000000000000000e+02
3.860000000000000000e+02
3.930000000000000000e+02
4.010000000000000000e+02
4.020000000000000000e+02
4.050000000000000000e+02
4.060000000000000000e+02
4.080000000000000000e+02
4.170000000000000000e+02
4.210000000000000000e+02
4.280000000000000000e+02
4.340000000000000000e+02
4.350000000000000000e+02
4.370000000000000000e+02
4.380000000000000000e+02
4.550000000000000000e+02
4.570000000000000000e+02
4.580000000000000000e+02
4.590000000000000000e+02
4.600000000000000000e+02
4.640000000000000000e+02
4.650000000000000000e+02
4.720000000000000000e+02
4.730000000000000000e+02
4.750000000000000000e+02
4.780000000000000000e+02
4.830000000000000000e+02
4.870000000000000000e+02
4.890000000000000000e+02
4.930000000000000000e+02
4.940000000000000000e+02
4.960000000000000000e+02
4.990000000000000000e+02
5.010000000000000000e+02
5.020000000000000000e+02
5.030000000000000000e+02
5.070000000000000000e+02
5.090000000000000000e+02
5.160000000000000000e+02
5.170000000000000000e+02
5.180000000000000000e+02
5.190000000000000000e+02
5.210000000000000000e+02
5.220000000000000000e+02
5.270000000000000000e+02
5.310000000000000000e+02
5.330000000000000000e+02
5.390000000000000000e+02
5.410000000000000000e+02
5.420000000000000000e+02
5.500000000000000000e+02
5.530000000000000000e+02
5.540000000000000000e+02
5.550000000000000000e+02
5.580000000000000000e+02
5.600000000000000000e+02
5.640000000000000000e+02
5.660000000000000000e+02
5.740000000000000000e+02
5.810000000000000000e+02
5.820000000000000000e+02
5.880000000000000000e+02
5.910000000000000000e+02
5.920000000000000000e+02
5.930000000000000000e+02
5.960000000000000000e+02
6.000000000000000000e+02
6.010000000000000000e+02
6.050000000000000000e+02
6.080000000000000000e+02
6.100000000000000000e+02
6.140000000000000000e+02
6.150000000000000000e+02
6.160000000000000000e+02
6.180000000000000000e+02
6.230000000000000000e+02
6.270000000000000000e+02
6.290000000000000000e+02
6.300000000000000000e+02
6.330000000000000000e+02
6.340000000000000000e+02
6.400000000000000000e+02
6.410000000000000000e+02
6.540000000000000000e+02
6.590000000000000000e+02
6.600000000000000000e+02
6.640000000000000000e+02
6.660000000000000000e+02
6.670000000000000000e+02
6.700000000000000000e+02
6.710000000000000000e+02
6.720000000000000000e+02
6.750000000000000000e+02
6.770000000000000000e+02
6.780000000000000000e+02
6.800000000000000000e+02
6.840000000000000000e+02
6.970000000000000000e+02
6.990000000000000000e+02
7.010000000000000000e+02
7.020000000000000000e+02
7.100000000000000000e+02
7.120000000000000000e+02
7.130000000000000000e+02
7.140000000000000000e+02
7.200000000000000000e+02
