3.000000000000000000e+00
1.200000000000000000e+01
1.400000000000000000e+01
1.500000000000000000e+01
1.700000000000000000e+01
2.400000000000000000e+01
2.800000000000000000e+01
2.900000000000000000e+01
3.000000000000000000e+01
3.100000000000000000e+01
3.500000000000000000e+01
3.900000000000000000e+01
4.400000000000000000e+01
5.400000000000000000e+01
5.500000000000000000e+01
5.700000000000000000e+01
6.200000000000000000e+01
6.300000000000000000e+01
6.700000000000000000e+01
6.900000000000000000e+01
7.900000000000000000e+01
8.200000000000000000e+01
8.800000000000000000e+01
9.100000000000000000e+01
9.600000000000000000e+01
1.010000000000000000e+02
1.030000000000000000e+02
1.100000000000000000e+02
1.130000000000000000e+02
1.160000000000000000e+02
1.260000000000000000e+02
1.330000000000000000e+02
1.350000000000000000e+02
1.360000000000000000e+02
1.380000000000000000e+02
1.400000000000000000e+02
1.410000000000000000e+02
1.430000000000000000e+02
1.450000000000000000e+02
1.470000000000000000e+02
1.500000000000000000e+02
1.530000000000000000e+02
1.580000000000000000e+02
1.590000000000000000e+02
1.610000000000000000e+02
1.640000000000000000e+02
1.660000000000000000e+02
1.700000000000000000e+02
1.750000000000000000e+02
1.770000000000000000e+02
1.920000000000000000e+02
1.980000000000000000e+02
2.020000000000000000e+02
2.050000000000000000e+02
2.090000000000000000e+02
2.130000000000000000e+02
2.220000000000000000e+02
2.240000000000000000e+02
2.270000000000000000e+02
2.310000000000000000e+02
2.400000000000000000e+02
2.530000000000000000e+02
2.570000000000000000e+02
2.590000000000000000e+02
2.630000000000000000e+02
2.680000000000000000e+02
2.720000000000000000e+02
2.740000000000000000e+02
2.770000000000000000e+02
2.790000000000000000e+02
2.810000000000000000e+02
2.820000000000000000e+02
2.830000000000000000e+02
2.860000000000000000e+02
2.900000000000000000e+02
2.920000000000000000e+02
2.930000000000000000e+02
3.100000000000000000e+02
3.120000000000000000e+02
3.130000000000000000e+02
3.170000000000000000e+02
3.290000000000000000e+02
3.350000000000000000e+02
3.400000000000000000e+02
3.490000000000000000e+02
3.500000000000000000e+02
3.510000000000000000e+02
3.530000000000000000e+02
3.540000000000000000e+02
3.640000000000000000e+02
3.650000000000000000e+02
3.660000000000000000e+02
3.690000000000000000e+02
3.750000000000000000e+02
3.810000000000000000e+02
3.890000000000000000e+02
3.900000000000000000e+02
3.930000000000000000e+02
3.960000000000000000e+02
4.090000000000000000e+02
4.120000000000000000e+02
4.130000000000000000e+02
4.180000000000000000e+02
4.210000000000000000e+02
4.250000000000000000e+02
4.270000000000000000e+02
4.310000000000000000e+02
4.320000000000000000e+02
4.400000000000000000e+02
4.420000000000000000e+02
4.430000000000000000e+02
4.490000000000000000e+02
4.530000000000000000e+02
4.540000000000000000e+02
4.560000000000000000e+02
4.620000000000000000e+02
4.730000000000000000e+02
4.820000000000000000e+02
4.860000000000000000e+02
4.870000000000000000e+02
4.950000000000000000e+02
4.960000000000000000e+02
5.010000000000000000e+02
5.040000000000000000e+02
5.060000000000000000e+02
5.090000000000000000e+02
5.130000000000000000e+02
5.150000000000000000e+02
5.160000000000000000e+02
5.170000000000000000e+02
5.180000000000000000e+02
5.210000000000000000e+02
5.260000000000000000e+02
5.320000000000000000e+02
5.330000000000000000e+02
5.340000000000000000e+02
5.370000000000000000e+02
5.390000000000000000e+02
5.400000000000000000e+02
5.410000000000000000e+02
5.470000000000000000e+02
5.480000000000000000e+02
5.500000000000000000e+02
5.520000000000000000e+02
5.550000000000000000e+02
5.630000000000000000e+02
5.650000000000000000e+02
5.700000000000000000e+02
5.730000000000000000e+02
5.770000000000000000e+02
5.790000000000000000e+02
5.820000000000000000e+02
5.840000000000000000e+02
5.910000000000000000e+02
5.990000000000000000e+02
6.020000000000000000e+02
6.070000000000000000e+02
6.090000000000000000e+02
6.120000000000000000e+02
6.230000000000000000e+02
6.240000000000000000e+02
6.280000000000000000e+02
6.290000000000000000e+02
6.360000000000000000e+02
6.420000000000000000e+02
6.450000000000000000e+02
6.460000000000000000e+02
6.470000000000000000e+02
6.490000000000000000e+02
6.530000000000000000e+02
6.540000000000000000e+02
6.560000000000000000e+02
6.590000000000000000e+02
6.610000000000000000e+02
6.620000000000000000e+02
6.640000000000000000e+02
6.670000000000000000e+02
6.700000000000000000e+02
6.740000000000000000e+02
6.770000000000000000e+02
6.850000000000000000e+02
6.860000000000000000e+02
6.920000000000000000e+02
7.010000000000000000e+02
7.040000000000000000e+02
7.110000000000000000e+02
7.140000000000000000e+02
7.180000000000000000e+02
7.260000000000000000e+02
7.280000000000000000e+02
7.300000000000000000e+02
7.310000000000000000e+02
7.320000000000000000e+02
7.330000000000000000e+02
7.350000000000000000e+02
7.380000000000000000e+02
7.420000000000000000e+02
7.460000000000000000e+02
7.470000000000000000e+02
7.490000000000000000e+02
