6.000000000000000000e+00
7.000000000000000000e+00
1.100000000000000000e+01
1.200000000000000000e+01
1.400000000000000000e+01
2.200000000000000000e+01
2.400000000000000000e+01
2.600000000000000000e+01
3.000000000000000000e+01
3.100000000000000000e+01
4.300000000000000000e+01
4.400000000000000000e+01
4.800000000000000000e+01
5.100000000000000000e+01
5.200000000000000000e+01
5.300000000000000000e+01
5.400000000000000000e+01
5.500000000000000000e+01
5.600000000000000000e+01
5.700000000000000000e+01
6.000000000000000000e+01
6.300000000000000000e+01
7.000000000000000000e+01
7.100000000000000000e+01
7.300000000000000000e+01
8.300000000000000000e+01
8.800000000000000000e+01
9.700000000000000000e+01
9.900000000000000000e+01
1.020000000000000000e+02
1.040000000000000000e+02
1.060000000000000000e+02
1.080000000000000000e+02
1.090000000000000000e+02
1.100000000000000000e+02
1.110000000000000000e+02
1.120000000000000000e+02
1.140000000000000000e+02
1.200000000000000000e+02
1.220000000000000000e+02
1.230000000000000000e+02
1.240000000000000000e+02
1.260000000000000000e+02
1.270000000000000000e+02
1.300000000000000000e+02
1.310000000000000000e+02
1.380000000000000000e+02
1.410000000000000000e+02
1.420000000000000000e+02
1.460000000000000000e+02
1.470000000000000000e+02
1.510000000000000000e+02
1.550000000000000000e+02
1.610000000000000000e+02
1.630000000000000000e+02
1.720000000000000000e+02
1.730000000000000000e+02
1.740000000000000000e+02
1.750000000000000000e+02
1.770000000000000000e+02
1.870000000000000000e+02
1.910000000000000000e+02
1.920000000000000000e+02
1.930000000000000000e+02
1.940000000000000000e+02
1.970000000000000000e+02
1.980000000000000000e+02
1.990000000000000000e+02
2.010000000000000000e+02
2.040000000000000000e+02
2.060000000000000000e+02
2.090000000000000000e+02
2.110000000000000000e+02
2.150000000000000000e+02
2.160000000000000000e+02
2.180000000000000000e+02
2.200000000000000000e+02
2.210000000000000000e+02
2.220000000000000000e+02
2.230000000000000000e+02
2.240000000000000000e+02
2.270000000000000000e+02
2.280000000000000000e+02
2.290000000000000000e+02
2.310000000000000000e+02
2.340000000000000000e+02
2.370000000000000000e+02
2.400000000000000000e+02
2.410000000000000000e+02
2.440000000000000000e+02
2.470000000000000000e+02
2.480000000000000000e+02
2.510000000000000000e+02
2.530000000000000000e+02
2.550000000000000000e+02
2.570000000000000000e+02
2.600000000000000000e+02
2.650000000000000000e+02
2.660000000000000000e+02
2.670000000000000000e+02
2.690000000000000000e+02
2.700000000000000000e+02
2.730000000000000000e+02
2.750000000000000000e+02
2.760000000000000000e+02
2.790000000000000000e+02
2.800000000000000000e+02
2.820000000000000000e+02
2.840000000000000000e+02
2.850000000000000000e+02
2.870000000000000000e+02
2.930000000000000000e+02
2.940000000000000000e+02
3.000000000000000000e+02
3.020000000000000000e+02
3.030000000000000000e+02
3.130000000000000000e+02
3.140000000000000000e+02
3.150000000000000000e+02
3.170000000000000000e+02
3.190000000000000000e+02
3.210000000000000000e+02
3.220000000000000000e+02
3.260000000000000000e+02
3.290000000000000000e+02
3.320000000000000000e+02
3.370000000000000000e+02
3.390000000000000000e+02
3.430000000000000000e+02
3.440000000000000000e+02
3.460000000000000000e+02
3.480000000000000000e+02
3.500000000000000000e+02
3.520000000000000000e+02
3.540000000000000000e+02
3.550000000000000000e+02
3.590000000000000000e+02
3.630000000000000000e+02
3.650000000000000000e+02
3.670000000000000000e+02
3.730000000000000000e+02
3.740000000000000000e+02
3.770000000000000000e+02
3.790000000000000000e+02
3.820000000000000000e+02
3.840000000000000000e+02
3.870000000000000000e+02
3.880000000000000000e+02
3.940000000000000000e+02
3.960000000000000000e+02
3.980000000000000000e+02
4.020000000000000000e+02
4.060000000000000000e+02
4.070000000000000000e+02
4.090000000000000000e+02
4.110000000000000000e+02
4.130000000000000000e+02
4.150000000000000000e+02
4.170000000000000000e+02
4.180000000000000000e+02
4.220000000000000000e+02
4.240000000000000000e+02
4.290000000000000000e+02
4.320000000000000000e+02
4.350000000000000000e+02
4.390000000000000000e+02
4.400000000000000000e+02
4.420000000000000000e+02
4.440000000000000000e+02
4.460000000000000000e+02
4.470000000000000000e+02
4.480000000000000000e+02
4.580000000000000000e+02
4.590000000000000000e+02
4.610000000000000000e+02
4.670000000000000000e+02
4.680000000000000000e+02
4.740000000000000000e+02
4.760000000000000000e+02
4.770000000000000000e+02
4.790000000000000000e+02
4.810000000000000000e+02
4.820000000000000000e+02
4.850000000000000000e+02
4.860000000000000000e+02
4.880000000000000000e+02
4.910000000000000000e+02
4.920000000000000000e+02
4.940000000000000000e+02
4.950000000000000000e+02
4.960000000000000000e+02
5.010000000000000000e+02
5.040000000000000000e+02
5.060000000000000000e+02
5.080000000000000000e+02
5.100000000000000000e+02
5.130000000000000000e+02
5.140000000000000000e+02
5.170000000000000000e+02
5.200000000000000000e+02
5.210000000000000000e+02
5.240000000000000000e+02
5.270000000000000000e+02
5.300000000000000000e+02
5.320000000000000000e+02
5.330000000000000000e+02
5.340000000000000000e+02
5.370000000000000000e+02
5.380000000000000000e+02
5.390000000000000000e+02
5.400000000000000000e+02
5.410000000000000000e+02
5.430000000000000000e+02
5.450000000000000000e+02
5.460000000000000000e+02
5.500000000000000000e+02
5.520000000000000000e+02
5.550000000000000000e+02
5.570000000000000000e+02
5.600000000000000000e+02
5.620000000000000000e+02
5.630000000000000000e+02
5.640000000000000000e+02
5.670000000000000000e+02
5.680000000000000000e+02
5.690000000000000000e+02
5.700000000000000000e+02
5.740000000000000000e+02
5.840000000000000000e+02
5.860000000000000000e+02
5.870000000000000000e+02
5.880000000000000000e+02
5.890000000000000000e+02
5.980000000000000000e+02
6.000000000000000000e+02
6.060000000000000000e+02
6.100000000000000000e+02
6.140000000000000000e+02
6.150000000000000000e+02
6.190000000000000000e+02
6.200000000000000000e+02
6.230000000000000000e+02
6.300000000000000000e+02
6.310000000000000000e+02
6.340000000000000000e+02
6.350000000000000000e+02
6.370000000000000000e+02
6.380000000000000000e+02
6.390000000000000000e+02
6.410000000000000000e+02
6.470000000000000000e+02
6.490000000000000000e+02
6.500000000000000000e+02
6.510000000000000000e+02
6.520000000000000000e+02
6.530000000000000000e+02
6.550000000000000000e+02
6.570000000000000000e+02
6.590000000000000000e+02
6.620000000000000000e+02
6.640000000000000000e+02
6.730000000000000000e+02
6.780000000000000000e+02
6.880000000000000000e+02
6.900000000000000000e+02
6.910000000000000000e+02
6.980000000000000000e+02
7.010000000000000000e+02
7.040000000000000000e+02
7.050000000000000000e+02
7.060000000000000000e+02
7.070000000000000000e+02
7.080000000000000000e+02
7.090000000000000000e+02
7.100000000000000000e+02
7.130000000000000000e+02
7.170000000000000000e+02
7.180000000000000000e+02
7.300000000000000000e+02
7.310000000000000000e+02
7.350000000000000000e+02
7.370000000000000000e+02
7.390000000000000000e+02
7.470000000000000000e+02
7.490000000000000000e+02
7.500000000000000000e+02
7.540000000000000000e+02
7.550000000000000000e+02
