3.000000000000000000e+00
1.000000000000000000e+01
1.300000000000000000e+01
1.800000000000000000e+01
2.100000000000000000e+01
2.300000000000000000e+01
3.100000000000000000e+01
3.300000000000000000e+01
4.800000000000000000e+01
5.200000000000000000e+01
5.700000000000000000e+01
6.800000000000000000e+01
7.000000000000000000e+01
7.100000000000000000e+01
7.200000000000000000e+01
7.500000000000000000e+01
7.800000000000000000e+01
8.600000000000000000e+01
8.700000000000000000e+01
8.800000000000000000e+01
9.000000000000000000e+01
9.100000000000000000e+01
9.200000000000000000e+01
1.020000000000000000e+02
1.110000000000000000e+02
1.130000000000000000e+02
1.150000000000000000e+02
1.240000000000000000e+02
1.260000000000000000e+02
1.270000000000000000e+02
1.290000000000000000e+02
1.320000000000000000e+02
1.340000000000000000e+02
1.350000000000000000e+02
1.390000000000000000e+02
1.430000000000000000e+02
1.470000000000000000e+02
1.570000000000000000e+02
1.590000000000000000e+02
1.600000000000000000e+02
1.610000000000000000e+02
1.620000000000000000e+02
1.650000000000000000e+02
1.770000000000000000e+02
1.790000000000000000e+02
1.860000000000000000e+02
1.870000000000000000e+02
1.900000000000000000e+02
1.920000000000000000e+02
1.930000000000000000e+02
2.000000000000000000e+02
2.070000000000000000e+02
2.080000000000000000e+02
2.170000000000000000e+02
2.180000000000000000e+02
2.280000000000000000e+02
2.310000000000000000e+02
2.350000000000000000e+02
2.420000000000000000e+02
2.440000000000000000e+02
2.510000000000000000e+02
2.570000000000000000e+02
2.720000000000000000e+02
2.770000000000000000e+02
2.820000000000000000e+02
2.840000000000000000e+02
2.880000000000000000e+02
2.900000000000000000e+02
2.970000000000000000e+02
3.000000000000000000e+02
3.020000000000000000e+02
3.090000000000000000e+02
3.120000000000000000e+02
3.160000000000000000e+02
3.170000000000000000e+02
3.230000000000000000e+02
3.250000000000000000e+02
3.260000000000000000e+02
3.320000000000000000e+02
3.360000000000000000e+02
3.410000000000000000e+02
3.440000000000000000e+02
3.460000000000000000e+02
3.480000000000000000e+02
3.490000000000000000e+02
3.520000000000000000e+02
3.550000000000000000e+02
3.600000000000000000e+02
3.640000000000000000e+02
3.660000000000000000e+02
3.680000000000000000e+02
3.700000000000000000e+02
3.750000000000000000e+02
3.890000000000000000e+02
3.900000000000000000e+02
3.940000000000000000e+02
3.950000000000000000e+02
3.970000000000000000e+02
3.990000000000000000e+02
4.040000000000000000e+02
4.080000000000000000e+02
4.110000000000000000e+02
4.180000000000000000e+02
4.230000000000000000e+02
4.250000000000000000e+02
4.280000000000000000e+02
4.310000000000000000e+02
4.390000000000000000e+02
4.420000000000000000e+02
4.440000000000000000e+02
4.460000000000000000e+02
4.520000000000000000e+02
4.530000000000000000e+02
4.540000000000000000e+02
4.570000000000000000e+02
4.600000000000000000e+02
4.660000000000000000e+02
4.760000000000000000e+02
4.780000000000000000e+02
4.870000000000000000e+02
4.890000000000000000e+02
4.900000000000000000e+02
4.910000000000000000e+02
4.920000000000000000e+02
4.930000000000000000e+02
4.960000000000000000e+02
4.970000000000000000e+02
4.980000000000000000e+02
5.030000000000000000e+02
5.040000000000000000e+02
5.080000000000000000e+02
5.100000000000000000e+02
5.160000000000000000e+02
5.170000000000000000e+02
5.190000000000000000e+02
5.250000000000000000e+02
5.280000000000000000e+02
5.300000000000000000e+02
5.330000000000000000e+02
5.360000000000000000e+02
5.400000000000000000e+02
5.410000000000000000e+02
5.420000000000000000e+02
5.430000000000000000e+02
5.460000000000000000e+02
5.500000000000000000e+02
5.570000000000000000e+02
5.590000000000000000e+02
5.620000000000000000e+02
5.630000000000000000e+02
5.650000000000000000e+02
5.660000000000000000e+02
5.720000000000000000e+02
5.730000000000000000e+02
5.780000000000000000e+02
5.840000000000000000e+02
5.890000000000000000e+02
5.900000000000000000e+02
5.970000000000000000e+02
6.020000000000000000e+02
6.060000000000000000e+02
6.090000000000000000e+02
6.160000000000000000e+02
6.280000000000000000e+02
6.290000000000000000e+02
6.300000000000000000e+02
6.350000000000000000e+02
6.360000000000000000e+02
6.370000000000000000e+02
6.380000000000000000e+02
6.390000000000000000e+02
6.400000000000000000e+02
6.420000000000000000e+02
6.430000000000000000e+02
6.440000000000000000e+02
6.450000000000000000e+02
6.530000000000000000e+02
6.550000000000000000e+02
6.600000000000000000e+02
6.610000000000000000e+02
6.690000000000000000e+02
6.700000000000000000e+02
6.710000000000000000e+02
6.750000000000000000e+02
6.890000000000000000e+02
6.900000000000000000e+02
6.970000000000000000e+02
7.020000000000000000e+02
7.080000000000000000e+02
7.110000000000000000e+02
7.140000000000000000e+02
7.150000000000000000e+02
7.180000000000000000e+02
7.300000000000000000e+02
7.310000000000000000e+02
7.340000000000000000e+02
7.380000000000000000e+02
7.450000000000000000e+02
7.480000000000000000e+02
7.600000000000000000e+02
7.650000000000000000e+02
7.660000000000000000e+02
7.670000000000000000e+02
7.680000000000000000e+02
7.690000000000000000e+02
7.750000000000000000e+02
7.760000000000000000e+02
7.770000000000000000e+02
7.850000000000000000e+02
7.860000000000000000e+02
7.870000000000000000e+02
7.910000000000000000e+02
8.000000000000000000e+02
8.020000000000000000e+02
8.050000000000000000e+02
8.060000000000000000e+02
