2.000000000000000000e+00
3.000000000000000000e+00
1.400000000000000000e+01
1.800000000000000000e+01
2.900000000000000000e+01
3.200000000000000000e+01
3.700000000000000000e+01
3.900000000000000000e+01
4.000000000000000000e+01
4.400000000000000000e+01
5.000000000000000000e+01
5.100000000000000000e+01
5.500000000000000000e+01
6.200000000000000000e+01
6.700000000000000000e+01
7.000000000000000000e+01
7.200000000000000000e+01
7.300000000000000000e+01
7.600000000000000000e+01
7.700000000000000000e+01
8.200000000000000000e+01
8.300000000000000000e+01
8.400000000000000000e+01
8.900000000000000000e+01
9.000000000000000000e+01
9.400000000000000000e+01
9.500000000000000000e+01
9.700000000000000000e+01
9.900000000000000000e+01
1.010000000000000000e+02
1.050000000000000000e+02
1.070000000000000000e+02
1.080000000000000000e+02
1.140000000000000000e+02
1.180000000000000000e+02
1.220000000000000000e+02
1.280000000000000000e+02
1.290000000000000000e+02
1.350000000000000000e+02
1.380000000000000000e+02
1.390000000000000000e+02
1.420000000000000000e+02
1.470000000000000000e+02
1.480000000000000000e+02
1.560000000000000000e+02
1.570000000000000000e+02
1.580000000000000000e+02
1.590000000000000000e+02
1.600000000000000000e+02
1.610000000000000000e+02
1.700000000000000000e+02
1.740000000000000000e+02
1.760000000000000000e+02
1.770000000000000000e+02
1.820000000000000000e+02
1.850000000000000000e+02
1.870000000000000000e+02
1.890000000000000000e+02
1.920000000000000000e+02
1.970000000000000000e+02
2.000000000000000000e+02
2.060000000000000000e+02
2.070000000000000000e+02
2.130000000000000000e+02
2.200000000000000000e+02
2.220000000000000000e+02
2.330000000000000000e+02
2.340000000000000000e+02
2.370000000000000000e+02
2.380000000000000000e+02
2.390000000000000000e+02
2.400000000000000000e+02
2.420000000000000000e+02
2.430000000000000000e+02
2.480000000000000000e+02
2.500000000000000000e+02
2.510000000000000000e+02
2.540000000000000000e+02
2.620000000000000000e+02
2.630000000000000000e+02
2.640000000000000000e+02
2.830000000000000000e+02
2.930000000000000000e+02
2.980000000000000000e+02
2.990000000000000000e+02
3.020000000000000000e+02
3.060000000000000000e+02
3.090000000000000000e+02
3.100000000000000000e+02
3.110000000000000000e+02
3.230000000000000000e+02
3.260000000000000000e+02
3.280000000000000000e+02
3.360000000000000000e+02
3.380000000000000000e+02
3.440000000000000000e+02
3.460000000000000000e+02
3.490000000000000000e+02
3.570000000000000000e+02
3.590000000000000000e+02
3.620000000000000000e+02
3.630000000000000000e+02
3.680000000000000000e+02
3.720000000000000000e+02
3.730000000000000000e+02
3.750000000000000000e+02
3.760000000000000000e+02
3.770000000000000000e+02
3.830000000000000000e+02
3.920000000000000000e+02
4.100000000000000000e+02
4.110000000000000000e+02
4.160000000000000000e+02
4.190000000000000000e+02
4.200000000000000000e+02
4.240000000000000000e+02
4.280000000000000000e+02
4.300000000000000000e+02
4.320000000000000000e+02
4.360000000000000000e+02
4.380000000000000000e+02
4.460000000000000000e+02
4.470000000000000000e+02
4.510000000000000000e+02
4.520000000000000000e+02
4.540000000000000000e+02
4.560000000000000000e+02
4.600000000000000000e+02
4.620000000000000000e+02
4.650000000000000000e+02
4.690000000000000000e+02
4.700000000000000000e+02
4.730000000000000000e+02
4.810000000000000000e+02
4.890000000000000000e+02
4.900000000000000000e+02
4.920000000000000000e+02
5.040000000000000000e+02
5.060000000000000000e+02
5.070000000000000000e+02
5.140000000000000000e+02
5.170000000000000000e+02
5.200000000000000000e+02
5.250000000000000000e+02
5.300000000000000000e+02
5.320000000000000000e+02
5.340000000000000000e+02
5.350000000000000000e+02
5.380000000000000000e+02
5.390000000000000000e+02
5.400000000000000000e+02
5.410000000000000000e+02
5.420000000000000000e+02
5.440000000000000000e+02
5.450000000000000000e+02
5.540000000000000000e+02
5.630000000000000000e+02
5.640000000000000000e+02
5.650000000000000000e+02
5.690000000000000000e+02
5.700000000000000000e+02
5.720000000000000000e+02
5.730000000000000000e+02
5.750000000000000000e+02
5.770000000000000000e+02
5.780000000000000000e+02
5.800000000000000000e+02
5.930000000000000000e+02
5.940000000000000000e+02
6.010000000000000000e+02
6.020000000000000000e+02
6.030000000000000000e+02
6.060000000000000000e+02
6.070000000000000000e+02
6.130000000000000000e+02
6.140000000000000000e+02
6.150000000000000000e+02
6.230000000000000000e+02
6.270000000000000000e+02
6.380000000000000000e+02
6.410000000000000000e+02
6.420000000000000000e+02
6.440000000000000000e+02
6.480000000000000000e+02
6.500000000000000000e+02
6.510000000000000000e+02
6.570000000000000000e+02
6.610000000000000000e+02
6.630000000000000000e+02
6.650000000000000000e+02
6.680000000000000000e+02
6.690000000000000000e+02
6.730000000000000000e+02
6.750000000000000000e+02
6.790000000000000000e+02
6.800000000000000000e+02
6.810000000000000000e+02
6.840000000000000000e+02
6.870000000000000000e+02
6.930000000000000000e+02
6.940000000000000000e+02
7.050000000000000000e+02
7.070000000000000000e+02
7.080000000000000000e+02
7.090000000000000000e+02
7.130000000000000000e+02
7.190000000000000000e+02
7.220000000000000000e+02
7.250000000000000000e+02
7.270000000000000000e+02
7.320000000000000000e+02
7.420000000000000000e+02
7.480000000000000000e+02
7.570000000000000000e+02
7.630000000000000000e+02
7.680000000000000000e+02
7.740000000000000000e+02
7.780000000000000000e+02
7.910000000000000000e+02
7.940000000000000000e+02
7.960000000000000000e+02
8.010000000000000000e+02
8.020000000000000000e+02
8.050000000000000000e+02
8.060000000000000000e+02
8.070000000000000000e+02
8.100000000000000000e+02
8.120000000000000000e+02
8.180000000000000000e+02
8.280000000000000000e+02
8.290000000000000000e+02
8.340000000000000000e+02
8.350000000000000000e+02
8.370000000000000000e+02
8.420000000000000000e+02
8.430000000000000000e+02
8.500000000000000000e+02
8.520000000000000000e+02
8.540000000000000000e+02
8.550000000000000000e+02
