3.000000000000000000e+00
6.000000000000000000e+00
1.200000000000000000e+01
1.400000000000000000e+01
1.500000000000000000e+01
1.700000000000000000e+01
2.300000000000000000e+01
2.400000000000000000e+01
2.700000000000000000e+01
2.800000000000000000e+01
3.000000000000000000e+01
3.100000000000000000e+01
3.400000000000000000e+01
3.500000000000000000e+01
3.900000000000000000e+01
4.600000000000000000e+01
5.300000000000000000e+01
5.400000000000000000e+01
5.600000000000000000e+01
5.700000000000000000e+01
5.800000000000000000e+01
5.900000000000000000e+01
6.200000000000000000e+01
6.300000000000000000e+01
7.000000000000000000e+01
7.300000000000000000e+01
7.900000000000000000e+01
9.100000000000000000e+01
9.200000000000000000e+01
9.400000000000000000e+01
9.600000000000000000e+01
1.010000000000000000e+02
1.030000000000000000e+02
1.060000000000000000e+02
1.110000000000000000e+02
1.130000000000000000e+02
1.150000000000000000e+02
1.160000000000000000e+02
1.200000000000000000e+02
1.230000000000000000e+02
1.270000000000000000e+02
1.290000000000000000e+02
1.310000000000000000e+02
1.320000000000000000e+02
1.330000000000000000e+02
1.360000000000000000e+02
1.450000000000000000e+02
1.470000000000000000e+02
1.490000000000000000e+02
1.500000000000000000e+02
1.510000000000000000e+02
1.540000000000000000e+02
1.560000000000000000e+02
1.570000000000000000e+02
1.630000000000000000e+02
1.650000000000000000e+02
1.670000000000000000e+02
1.700000000000000000e+02
1.810000000000000000e+02
1.820000000000000000e+02
1.830000000000000000e+02
1.870000000000000000e+02
1.880000000000000000e+02
1.950000000000000000e+02
1.990000000000000000e+02
2.010000000000000000e+02
2.020000000000000000e+02
2.060000000000000000e+02
2.070000000000000000e+02
2.120000000000000000e+02
2.130000000000000000e+02
2.160000000000000000e+02
2.210000000000000000e+02
2.220000000000000000e+02
2.240000000000000000e+02
2.270000000000000000e+02
2.280000000000000000e+02
2.350000000000000000e+02
2.360000000000000000e+02
2.390000000000000000e+02
2.460000000000000000e+02
2.480000000000000000e+02
2.490000000000000000e+02
2.510000000000000000e+02
2.530000000000000000e+02
2.540000000000000000e+02
2.570000000000000000e+02
2.590000000000000000e+02
2.610000000000000000e+02
2.620000000000000000e+02
2.640000000000000000e+02
2.650000000000000000e+02
2.690000000000000000e+02
2.700000000000000000e+02
2.720000000000000000e+02
2.800000000000000000e+02
2.810000000000000000e+02
2.850000000000000000e+02
2.870000000000000000e+02
2.910000000000000000e+02
2.920000000000000000e+02
2.940000000000000000e+02
2.950000000000000000e+02
2.970000000000000000e+02
2.990000000000000000e+02
3.010000000000000000e+02
3.020000000000000000e+02
3.060000000000000000e+02
3.080000000000000000e+02
3.100000000000000000e+02
3.110000000000000000e+02
3.160000000000000000e+02
3.190000000000000000e+02
3.210000000000000000e+02
3.230000000000000000e+02
3.300000000000000000e+02
3.340000000000000000e+02
3.370000000000000000e+02
3.400000000000000000e+02
3.410000000000000000e+02
3.470000000000000000e+02
3.490000000000000000e+02
3.500000000000000000e+02
3.510000000000000000e+02
3.530000000000000000e+02
3.590000000000000000e+02
3.620000000000000000e+02
3.630000000000000000e+02
3.640000000000000000e+02
3.650000000000000000e+02
3.660000000000000000e+02
3.670000000000000000e+02
3.680000000000000000e+02
3.730000000000000000e+02
3.740000000000000000e+02
3.760000000000000000e+02
3.770000000000000000e+02
3.790000000000000000e+02
3.830000000000000000e+02
3.840000000000000000e+02
3.850000000000000000e+02
3.950000000000000000e+02
3.980000000000000000e+02
4.010000000000000000e+02
4.020000000000000000e+02
4.030000000000000000e+02
4.040000000000000000e+02
4.090000000000000000e+02
4.110000000000000000e+02
4.120000000000000000e+02
4.170000000000000000e+02
4.210000000000000000e+02
4.230000000000000000e+02
4.240000000000000000e+02
4.250000000000000000e+02
4.260000000000000000e+02
4.270000000000000000e+02
4.290000000000000000e+02
4.320000000000000000e+02
4.330000000000000000e+02
4.480000000000000000e+02
4.490000000000000000e+02
4.520000000000000000e+02
4.540000000000000000e+02
4.550000000000000000e+02
4.560000000000000000e+02
4.570000000000000000e+02
4.580000000000000000e+02
4.600000000000000000e+02
4.640000000000000000e+02
4.690000000000000000e+02
4.700000000000000000e+02
4.720000000000000000e+02
4.770000000000000000e+02
4.780000000000000000e+02
4.790000000000000000e+02
4.800000000000000000e+02
4.830000000000000000e+02
4.860000000000000000e+02
4.960000000000000000e+02
4.970000000000000000e+02
4.980000000000000000e+02
5.020000000000000000e+02
5.040000000000000000e+02
5.050000000000000000e+02
5.070000000000000000e+02
5.080000000000000000e+02
5.130000000000000000e+02
5.140000000000000000e+02
5.150000000000000000e+02
5.160000000000000000e+02
5.170000000000000000e+02
5.180000000000000000e+02
5.190000000000000000e+02
5.220000000000000000e+02
5.280000000000000000e+02
5.300000000000000000e+02
5.310000000000000000e+02
5.320000000000000000e+02
5.340000000000000000e+02
5.400000000000000000e+02
5.410000000000000000e+02
5.440000000000000000e+02
5.470000000000000000e+02
5.510000000000000000e+02
5.580000000000000000e+02
5.600000000000000000e+02
5.620000000000000000e+02
5.650000000000000000e+02
5.700000000000000000e+02
5.710000000000000000e+02
5.730000000000000000e+02
5.750000000000000000e+02
5.790000000000000000e+02
5.800000000000000000e+02
5.820000000000000000e+02
5.840000000000000000e+02
5.860000000000000000e+02
5.870000000000000000e+02
5.890000000000000000e+02
5.900000000000000000e+02
5.940000000000000000e+02
5.960000000000000000e+02
6.000000000000000000e+02
6.010000000000000000e+02
6.090000000000000000e+02
6.110000000000000000e+02
6.120000000000000000e+02
6.160000000000000000e+02
6.170000000000000000e+02
6.190000000000000000e+02
6.200000000000000000e+02
6.220000000000000000e+02
6.240000000000000000e+02
6.270000000000000000e+02
6.280000000000000000e+02
6.300000000000000000e+02
6.320000000000000000e+02
6.330000000000000000e+02
6.350000000000000000e+02
6.420000000000000000e+02
6.450000000000000000e+02
6.460000000000000000e+02
6.530000000000000000e+02
6.540000000000000000e+02
6.570000000000000000e+02
6.590000000000000000e+02
6.600000000000000000e+02
6.650000000000000000e+02
6.680000000000000000e+02
6.690000000000000000e+02
6.740000000000000000e+02
6.750000000000000000e+02
6.790000000000000000e+02
6.800000000000000000e+02
6.820000000000000000e+02
6.860000000000000000e+02
6.930000000000000000e+02
6.940000000000000000e+02
6.980000000000000000e+02
6.990000000000000000e+02
7.000000000000000000e+02
7.110000000000000000e+02
7.140000000000000000e+02
7.160000000000000000e+02
7.180000000000000000e+02
7.240000000000000000e+02
7.250000000000000000e+02
7.270000000000000000e+02
7.300000000000000000e+02
7.310000000000000000e+02
7.320000000000000000e+02
7.340000000000000000e+02
7.360000000000000000e+02
7.450000000000000000e+02
7.480000000000000000e+02
7.490000000000000000e+02
7.500000000000000000e+02
7.520000000000000000e+02
7.540000000000000000e+02
7.580000000000000000e+02
7.610000000000000000e+02
7.650000000000000000e+02
7.660000000000000000e+02
7.680000000000000000e+02
7.700000000000000000e+02
7.750000000000000000e+02
7.780000000000000000e+02
7.800000000000000000e+02
7.850000000000000000e+02
7.870000000000000000e+02
7.890000000000000000e+02
7.900000000000000000e+02
8.020000000000000000e+02
8.080000000000000000e+02
8.110000000000000000e+02
8.180000000000000000e+02
8.190000000000000000e+02
8.220000000000000000e+02
8.230000000000000000e+02
8.240000000000000000e+02
8.250000000000000000e+02
8.270000000000000000e+02
8.280000000000000000e+02
8.350000000000000000e+02
8.420000000000000000e+02
8.460000000000000000e+02
8.470000000000000000e+02
8.500000000000000000e+02
8.510000000000000000e+02
8.530000000000000000e+02
8.540000000000000000e+02
8.570000000000000000e+02
8.580000000000000000e+02
8.640000000000000000e+02
8.660000000000000000e+02
8.670000000000000000e+02
8.690000000000000000e+02
8.750000000000000000e+02
8.780000000000000000e+02
