2.000000000000000000e+00
5.000000000000000000e+00
1.300000000000000000e+01
1.400000000000000000e+01
1.800000000000000000e+01
1.900000000000000000e+01
2.400000000000000000e+01
3.200000000000000000e+01
3.300000000000000000e+01
3.500000000000000000e+01
3.900000000000000000e+01
4.200000000000000000e+01
4.400000000000000000e+01
4.500000000000000000e+01
4.700000000000000000e+01
5.100000000000000000e+01
5.200000000000000000e+01
5.400000000000000000e+01
5.600000000000000000e+01
5.700000000000000000e+01
5.800000000000000000e+01
6.000000000000000000e+01
6.200000000000000000e+01
6.800000000000000000e+01
7.200000000000000000e+01
7.400000000000000000e+01
7.600000000000000000e+01
7.700000000000000000e+01
8.000000000000000000e+01
8.200000000000000000e+01
8.600000000000000000e+01
9.600000000000000000e+01
9.900000000000000000e+01
1.010000000000000000e+02
1.030000000000000000e+02
1.050000000000000000e+02
1.100000000000000000e+02
1.180000000000000000e+02
1.190000000000000000e+02
1.280000000000000000e+02
1.300000000000000000e+02
1.320000000000000000e+02
1.340000000000000000e+02
1.350000000000000000e+02
1.370000000000000000e+02
1.380000000000000000e+02
1.400000000000000000e+02
1.410000000000000000e+02
1.420000000000000000e+02
1.450000000000000000e+02
1.500000000000000000e+02
1.530000000000000000e+02
1.550000000000000000e+02
1.580000000000000000e+02
1.700000000000000000e+02
1.760000000000000000e+02
1.800000000000000000e+02
1.810000000000000000e+02
1.830000000000000000e+02
1.840000000000000000e+02
1.850000000000000000e+02
1.860000000000000000e+02
1.880000000000000000e+02
1.900000000000000000e+02
1.910000000000000000e+02
1.930000000000000000e+02
1.940000000000000000e+02
1.970000000000000000e+02
2.000000000000000000e+02
2.040000000000000000e+02
2.050000000000000000e+02
2.150000000000000000e+02
2.180000000000000000e+02
2.220000000000000000e+02
2.230000000000000000e+02
2.290000000000000000e+02
2.420000000000000000e+02
2.440000000000000000e+02
2.460000000000000000e+02
2.480000000000000000e+02
2.490000000000000000e+02
2.530000000000000000e+02
2.540000000000000000e+02
2.570000000000000000e+02
2.620000000000000000e+02
2.670000000000000000e+02
2.720000000000000000e+02
2.730000000000000000e+02
2.750000000000000000e+02
2.770000000000000000e+02
2.930000000000000000e+02
2.940000000000000000e+02
2.950000000000000000e+02
2.960000000000000000e+02
2.980000000000000000e+02
2.990000000000000000e+02
3.090000000000000000e+02
3.110000000000000000e+02
3.180000000000000000e+02
3.200000000000000000e+02
3.210000000000000000e+02
3.220000000000000000e+02
3.250000000000000000e+02
3.260000000000000000e+02
3.280000000000000000e+02
3.300000000000000000e+02
3.320000000000000000e+02
3.340000000000000000e+02
3.350000000000000000e+02
3.380000000000000000e+02
3.390000000000000000e+02
3.410000000000000000e+02
3.450000000000000000e+02
3.500000000000000000e+02
3.510000000000000000e+02
3.550000000000000000e+02
3.560000000000000000e+02
3.580000000000000000e+02
3.640000000000000000e+02
3.670000000000000000e+02
3.730000000000000000e+02
3.740000000000000000e+02
3.750000000000000000e+02
3.770000000000000000e+02
3.780000000000000000e+02
3.830000000000000000e+02
3.920000000000000000e+02
3.950000000000000000e+02
3.980000000000000000e+02
3.990000000000000000e+02
4.020000000000000000e+02
4.060000000000000000e+02
4.070000000000000000e+02
4.090000000000000000e+02
4.120000000000000000e+02
4.140000000000000000e+02
4.170000000000000000e+02
4.240000000000000000e+02
4.250000000000000000e+02
4.260000000000000000e+02
4.270000000000000000e+02
4.280000000000000000e+02
4.370000000000000000e+02
4.380000000000000000e+02
4.390000000000000000e+02
4.400000000000000000e+02
4.490000000000000000e+02
4.500000000000000000e+02
4.510000000000000000e+02
4.520000000000000000e+02
4.530000000000000000e+02
4.600000000000000000e+02
4.630000000000000000e+02
4.650000000000000000e+02
4.680000000000000000e+02
4.700000000000000000e+02
4.710000000000000000e+02
4.750000000000000000e+02
4.780000000000000000e+02
4.790000000000000000e+02
4.820000000000000000e+02
4.850000000000000000e+02
4.940000000000000000e+02
4.990000000000000000e+02
5.000000000000000000e+02
5.020000000000000000e+02
5.030000000000000000e+02
5.040000000000000000e+02
5.100000000000000000e+02
5.130000000000000000e+02
5.190000000000000000e+02
5.210000000000000000e+02
5.220000000000000000e+02
5.260000000000000000e+02
5.270000000000000000e+02
5.320000000000000000e+02
5.360000000000000000e+02
5.380000000000000000e+02
5.390000000000000000e+02
5.420000000000000000e+02
5.430000000000000000e+02
5.450000000000000000e+02
5.470000000000000000e+02
5.490000000000000000e+02
5.510000000000000000e+02
5.520000000000000000e+02
5.550000000000000000e+02
5.560000000000000000e+02
5.570000000000000000e+02
5.590000000000000000e+02
5.660000000000000000e+02
5.680000000000000000e+02
5.780000000000000000e+02
5.790000000000000000e+02
5.810000000000000000e+02
5.820000000000000000e+02
5.830000000000000000e+02
5.840000000000000000e+02
6.000000000000000000e+02
6.020000000000000000e+02
6.040000000000000000e+02
6.050000000000000000e+02
6.100000000000000000e+02
6.150000000000000000e+02
6.200000000000000000e+02
6.230000000000000000e+02
6.240000000000000000e+02
6.280000000000000000e+02
6.290000000000000000e+02
6.310000000000000000e+02
6.330000000000000000e+02
6.350000000000000000e+02
6.480000000000000000e+02
6.540000000000000000e+02
6.550000000000000000e+02
6.590000000000000000e+02
6.620000000000000000e+02
6.720000000000000000e+02
6.730000000000000000e+02
6.770000000000000000e+02
6.800000000000000000e+02
6.830000000000000000e+02
6.840000000000000000e+02
6.860000000000000000e+02
6.870000000000000000e+02
6.890000000000000000e+02
6.910000000000000000e+02
6.920000000000000000e+02
6.930000000000000000e+02
6.940000000000000000e+02
6.960000000000000000e+02
6.970000000000000000e+02
7.010000000000000000e+02
7.070000000000000000e+02
7.190000000000000000e+02
7.220000000000000000e+02
7.240000000000000000e+02
7.270000000000000000e+02
7.320000000000000000e+02
7.350000000000000000e+02
7.360000000000000000e+02
7.370000000000000000e+02
7.390000000000000000e+02
7.400000000000000000e+02
7.420000000000000000e+02
7.430000000000000000e+02
7.450000000000000000e+02
7.470000000000000000e+02
7.490000000000000000e+02
7.580000000000000000e+02
7.590000000000000000e+02
7.670000000000000000e+02
7.720000000000000000e+02
7.740000000000000000e+02
7.760000000000000000e+02
7.780000000000000000e+02
7.810000000000000000e+02
7.910000000000000000e+02
7.950000000000000000e+02
7.970000000000000000e+02
8.000000000000000000e+02
8.010000000000000000e+02
8.030000000000000000e+02
8.050000000000000000e+02
8.090000000000000000e+02
8.150000000000000000e+02
8.170000000000000000e+02
8.190000000000000000e+02
8.200000000000000000e+02
8.210000000000000000e+02
8.230000000000000000e+02
8.250000000000000000e+02
8.260000000000000000e+02
8.300000000000000000e+02
8.320000000000000000e+02
8.330000000000000000e+02
8.350000000000000000e+02
8.380000000000000000e+02
8.420000000000000000e+02
8.440000000000000000e+02
8.450000000000000000e+02
8.530000000000000000e+02
8.580000000000000000e+02
8.590000000000000000e+02
8.630000000000000000e+02
8.640000000000000000e+02
8.720000000000000000e+02
8.750000000000000000e+02
