3.000000000000000000e+00
6.000000000000000000e+00
7.000000000000000000e+00
1.000000000000000000e+01
1.400000000000000000e+01
1.700000000000000000e+01
2.000000000000000000e+01
2.200000000000000000e+01
2.300000000000000000e+01
2.400000000000000000e+01
3.800000000000000000e+01
4.100000000000000000e+01
4.300000000000000000e+01
4.400000000000000000e+01
4.500000000000000000e+01
4.700000000000000000e+01
4.800000000000000000e+01
5.400000000000000000e+01
5.600000000000000000e+01
5.800000000000000000e+01
6.500000000000000000e+01
6.800000000000000000e+01
7.300000000000000000e+01
7.500000000000000000e+01
7.600000000000000000e+01
7.800000000000000000e+01
8.000000000000000000e+01
9.200000000000000000e+01
9.900000000000000000e+01
1.010000000000000000e+02
1.050000000000000000e+02
1.080000000000000000e+02
1.110000000000000000e+02
1.120000000000000000e+02
1.160000000000000000e+02
1.220000000000000000e+02
1.260000000000000000e+02
1.270000000000000000e+02
1.340000000000000000e+02
1.360000000000000000e+02
1.430000000000000000e+02
1.490000000000000000e+02
1.500000000000000000e+02
1.510000000000000000e+02
1.530000000000000000e+02
1.550000000000000000e+02
1.560000000000000000e+02
1.570000000000000000e+02
1.600000000000000000e+02
1.640000000000000000e+02
1.650000000000000000e+02
1.710000000000000000e+02
1.720000000000000000e+02
1.760000000000000000e+02
1.790000000000000000e+02
1.800000000000000000e+02
1.820000000000000000e+02
1.840000000000000000e+02
1.850000000000000000e+02
1.860000000000000000e+02
1.880000000000000000e+02
1.920000000000000000e+02
1.930000000000000000e+02
1.970000000000000000e+02
2.020000000000000000e+02
2.070000000000000000e+02
2.130000000000000000e+02
2.210000000000000000e+02
2.290000000000000000e+02
2.310000000000000000e+02
2.370000000000000000e+02
2.430000000000000000e+02
2.440000000000000000e+02
2.450000000000000000e+02
2.470000000000000000e+02
2.490000000000000000e+02
2.500000000000000000e+02
2.520000000000000000e+02
2.540000000000000000e+02
2.590000000000000000e+02
2.600000000000000000e+02
2.610000000000000000e+02
2.630000000000000000e+02
2.650000000000000000e+02
2.680000000000000000e+02
2.770000000000000000e+02
2.830000000000000000e+02
2.850000000000000000e+02
2.920000000000000000e+02
2.940000000000000000e+02
2.950000000000000000e+02
2.980000000000000000e+02
2.990000000000000000e+02
3.020000000000000000e+02
3.040000000000000000e+02
3.060000000000000000e+02
3.070000000000000000e+02
3.090000000000000000e+02
3.140000000000000000e+02
3.180000000000000000e+02
3.210000000000000000e+02
3.280000000000000000e+02
3.300000000000000000e+02
3.310000000000000000e+02
3.390000000000000000e+02
3.410000000000000000e+02
3.440000000000000000e+02
3.460000000000000000e+02
3.470000000000000000e+02
3.500000000000000000e+02
3.510000000000000000e+02
3.520000000000000000e+02
3.540000000000000000e+02
3.570000000000000000e+02
3.600000000000000000e+02
3.630000000000000000e+02
3.640000000000000000e+02
3.670000000000000000e+02
3.690000000000000000e+02
3.700000000000000000e+02
3.720000000000000000e+02
3.760000000000000000e+02
3.770000000000000000e+02
3.820000000000000000e+02
3.840000000000000000e+02
3.850000000000000000e+02
3.860000000000000000e+02
3.870000000000000000e+02
3.960000000000000000e+02
3.990000000000000000e+02
4.010000000000000000e+02
4.050000000000000000e+02
4.070000000000000000e+02
4.110000000000000000e+02
4.140000000000000000e+02
4.170000000000000000e+02
4.200000000000000000e+02
4.210000000000000000e+02
4.230000000000000000e+02
4.250000000000000000e+02
4.260000000000000000e+02
4.310000000000000000e+02
4.320000000000000000e+02
4.330000000000000000e+02
4.340000000000000000e+02
4.350000000000000000e+02
4.420000000000000000e+02
4.430000000000000000e+02
4.440000000000000000e+02
4.450000000000000000e+02
4.480000000000000000e+02
4.570000000000000000e+02
4.580000000000000000e+02
4.610000000000000000e+02
4.640000000000000000e+02
4.670000000000000000e+02
4.740000000000000000e+02
4.830000000000000000e+02
4.850000000000000000e+02
4.890000000000000000e+02
4.910000000000000000e+02
4.970000000000000000e+02
4.980000000000000000e+02
5.000000000000000000e+02
5.010000000000000000e+02
5.070000000000000000e+02
5.100000000000000000e+02
5.200000000000000000e+02
5.270000000000000000e+02
5.330000000000000000e+02
5.340000000000000000e+02
5.350000000000000000e+02
5.390000000000000000e+02
5.410000000000000000e+02
5.420000000000000000e+02
5.430000000000000000e+02
5.440000000000000000e+02
5.450000000000000000e+02
5.470000000000000000e+02
5.490000000000000000e+02
5.500000000000000000e+02
5.530000000000000000e+02
5.570000000000000000e+02
5.590000000000000000e+02
5.650000000000000000e+02
5.670000000000000000e+02
5.700000000000000000e+02
5.720000000000000000e+02
5.750000000000000000e+02
5.770000000000000000e+02
5.810000000000000000e+02
5.820000000000000000e+02
5.830000000000000000e+02
5.840000000000000000e+02
5.850000000000000000e+02
5.870000000000000000e+02
5.880000000000000000e+02
5.890000000000000000e+02
5.970000000000000000e+02
5.980000000000000000e+02
6.000000000000000000e+02
6.030000000000000000e+02
6.080000000000000000e+02
6.090000000000000000e+02
6.110000000000000000e+02
6.170000000000000000e+02
6.180000000000000000e+02
6.190000000000000000e+02
6.200000000000000000e+02
6.220000000000000000e+02
6.240000000000000000e+02
6.270000000000000000e+02
6.330000000000000000e+02
6.340000000000000000e+02
6.360000000000000000e+02
6.400000000000000000e+02
6.540000000000000000e+02
6.550000000000000000e+02
6.570000000000000000e+02
6.610000000000000000e+02
6.650000000000000000e+02
6.690000000000000000e+02
6.810000000000000000e+02
6.840000000000000000e+02
6.850000000000000000e+02
6.860000000000000000e+02
6.900000000000000000e+02
6.920000000000000000e+02
6.950000000000000000e+02
6.990000000000000000e+02
7.030000000000000000e+02
7.060000000000000000e+02
7.080000000000000000e+02
7.090000000000000000e+02
7.100000000000000000e+02
7.130000000000000000e+02
7.140000000000000000e+02
7.160000000000000000e+02
7.190000000000000000e+02
7.210000000000000000e+02
7.230000000000000000e+02
7.260000000000000000e+02
7.340000000000000000e+02
7.360000000000000000e+02
7.380000000000000000e+02
7.390000000000000000e+02
7.420000000000000000e+02
7.460000000000000000e+02
7.490000000000000000e+02
7.510000000000000000e+02
7.530000000000000000e+02
7.570000000000000000e+02
7.640000000000000000e+02
7.660000000000000000e+02
7.700000000000000000e+02
7.710000000000000000e+02
7.730000000000000000e+02
7.740000000000000000e+02
7.860000000000000000e+02
7.870000000000000000e+02
7.880000000000000000e+02
7.900000000000000000e+02
7.910000000000000000e+02
7.920000000000000000e+02
7.930000000000000000e+02
8.020000000000000000e+02
8.070000000000000000e+02
8.080000000000000000e+02
8.100000000000000000e+02
8.140000000000000000e+02
8.190000000000000000e+02
8.210000000000000000e+02
