3.000000000000000000e+00
5.000000000000000000e+00
6.000000000000000000e+00
1.000000000000000000e+01
1.100000000000000000e+01
1.200000000000000000e+01
1.900000000000000000e+01
2.000000000000000000e+01
2.200000000000000000e+01
2.300000000000000000e+01
2.400000000000000000e+01
2.700000000000000000e+01
3.500000000000000000e+01
3.800000000000000000e+01
4.300000000000000000e+01
4.400000000000000000e+01
4.600000000000000000e+01
4.700000000000000000e+01
4.800000000000000000e+01
5.100000000000000000e+01
5.400000000000000000e+01
6.100000000000000000e+01
6.500000000000000000e+01
7.000000000000000000e+01
7.500000000000000000e+01
7.600000000000000000e+01
7.700000000000000000e+01
8.000000000000000000e+01
8.500000000000000000e+01
8.700000000000000000e+01
8.800000000000000000e+01
8.900000000000000000e+01
9.200000000000000000e+01
9.400000000000000000e+01
9.600000000000000000e+01
9.700000000000000000e+01
9.900000000000000000e+01
1.020000000000000000e+02
1.070000000000000000e+02
1.110000000000000000e+02
1.220000000000000000e+02
1.250000000000000000e+02
1.300000000000000000e+02
1.330000000000000000e+02
1.370000000000000000e+02
1.390000000000000000e+02
1.400000000000000000e+02
1.430000000000000000e+02
1.450000000000000000e+02
1.470000000000000000e+02
1.520000000000000000e+02
1.590000000000000000e+02
1.600000000000000000e+02
1.610000000000000000e+02
1.630000000000000000e+02
1.650000000000000000e+02
1.670000000000000000e+02
1.700000000000000000e+02
1.720000000000000000e+02
1.740000000000000000e+02
1.760000000000000000e+02
1.770000000000000000e+02
1.780000000000000000e+02
1.790000000000000000e+02
1.840000000000000000e+02
1.850000000000000000e+02
1.870000000000000000e+02
1.880000000000000000e+02
1.890000000000000000e+02
1.910000000000000000e+02
1.920000000000000000e+02
1.940000000000000000e+02
1.970000000000000000e+02
1.980000000000000000e+02
2.010000000000000000e+02
2.020000000000000000e+02
2.040000000000000000e+02
2.050000000000000000e+02
2.070000000000000000e+02
2.130000000000000000e+02
2.140000000000000000e+02
2.160000000000000000e+02
2.170000000000000000e+02
2.190000000000000000e+02
2.220000000000000000e+02
2.230000000000000000e+02
2.370000000000000000e+02
2.390000000000000000e+02
2.410000000000000000e+02
2.430000000000000000e+02
2.440000000000000000e+02
2.450000000000000000e+02
2.470000000000000000e+02
2.490000000000000000e+02
2.500000000000000000e+02
2.510000000000000000e+02
2.570000000000000000e+02
2.600000000000000000e+02
2.630000000000000000e+02
2.650000000000000000e+02
2.660000000000000000e+02
2.730000000000000000e+02
2.740000000000000000e+02
2.750000000000000000e+02
2.780000000000000000e+02
2.790000000000000000e+02
2.800000000000000000e+02
2.830000000000000000e+02
2.850000000000000000e+02
2.860000000000000000e+02
2.900000000000000000e+02
2.930000000000000000e+02
2.940000000000000000e+02
2.980000000000000000e+02
2.990000000000000000e+02
3.000000000000000000e+02
3.010000000000000000e+02
3.040000000000000000e+02
3.080000000000000000e+02
3.090000000000000000e+02
3.130000000000000000e+02
3.150000000000000000e+02
3.170000000000000000e+02
3.180000000000000000e+02
3.190000000000000000e+02
3.200000000000000000e+02
3.220000000000000000e+02
3.230000000000000000e+02
3.260000000000000000e+02
3.270000000000000000e+02
3.300000000000000000e+02
3.340000000000000000e+02
3.350000000000000000e+02
3.370000000000000000e+02
3.390000000000000000e+02
3.400000000000000000e+02
3.440000000000000000e+02
3.450000000000000000e+02
3.480000000000000000e+02
3.510000000000000000e+02
3.520000000000000000e+02
3.530000000000000000e+02
3.540000000000000000e+02
3.550000000000000000e+02
3.560000000000000000e+02
3.570000000000000000e+02
3.580000000000000000e+02
3.650000000000000000e+02
3.670000000000000000e+02
3.700000000000000000e+02
3.730000000000000000e+02
3.740000000000000000e+02
3.760000000000000000e+02
3.780000000000000000e+02
3.810000000000000000e+02
3.820000000000000000e+02
3.830000000000000000e+02
3.840000000000000000e+02
3.870000000000000000e+02
3.880000000000000000e+02
3.930000000000000000e+02
3.940000000000000000e+02
3.950000000000000000e+02
3.960000000000000000e+02
3.970000000000000000e+02
4.020000000000000000e+02
4.030000000000000000e+02
4.040000000000000000e+02
4.070000000000000000e+02
4.080000000000000000e+02
4.140000000000000000e+02
4.210000000000000000e+02
4.230000000000000000e+02
4.260000000000000000e+02
4.280000000000000000e+02
4.320000000000000000e+02
4.330000000000000000e+02
4.340000000000000000e+02
4.380000000000000000e+02
4.390000000000000000e+02
4.440000000000000000e+02
4.460000000000000000e+02
4.510000000000000000e+02
4.530000000000000000e+02
4.550000000000000000e+02
4.590000000000000000e+02
4.630000000000000000e+02
4.650000000000000000e+02
4.670000000000000000e+02
4.710000000000000000e+02
4.740000000000000000e+02
4.750000000000000000e+02
4.780000000000000000e+02
4.790000000000000000e+02
4.820000000000000000e+02
4.860000000000000000e+02
4.880000000000000000e+02
4.900000000000000000e+02
4.940000000000000000e+02
4.980000000000000000e+02
5.000000000000000000e+02
5.020000000000000000e+02
5.070000000000000000e+02
5.090000000000000000e+02
5.140000000000000000e+02
5.150000000000000000e+02
5.190000000000000000e+02
5.200000000000000000e+02
5.210000000000000000e+02
5.250000000000000000e+02
5.270000000000000000e+02
5.300000000000000000e+02
5.320000000000000000e+02
5.390000000000000000e+02
5.450000000000000000e+02
5.460000000000000000e+02
5.490000000000000000e+02
5.500000000000000000e+02
5.510000000000000000e+02
5.560000000000000000e+02
5.570000000000000000e+02
5.580000000000000000e+02
5.590000000000000000e+02
5.600000000000000000e+02
5.650000000000000000e+02
5.660000000000000000e+02
5.690000000000000000e+02
5.700000000000000000e+02
5.710000000000000000e+02
5.720000000000000000e+02
5.750000000000000000e+02
5.770000000000000000e+02
5.790000000000000000e+02
5.800000000000000000e+02
5.830000000000000000e+02
5.860000000000000000e+02
5.880000000000000000e+02
5.950000000000000000e+02
5.960000000000000000e+02
5.970000000000000000e+02
5.980000000000000000e+02
5.990000000000000000e+02
6.000000000000000000e+02
6.010000000000000000e+02
6.020000000000000000e+02
6.050000000000000000e+02
6.080000000000000000e+02
6.090000000000000000e+02
6.130000000000000000e+02
6.140000000000000000e+02
6.160000000000000000e+02
6.180000000000000000e+02
6.190000000000000000e+02
6.230000000000000000e+02
6.260000000000000000e+02
6.270000000000000000e+02
6.300000000000000000e+02
6.310000000000000000e+02
6.330000000000000000e+02
6.340000000000000000e+02
6.350000000000000000e+02
6.360000000000000000e+02
6.380000000000000000e+02
6.400000000000000000e+02
6.440000000000000000e+02
6.450000000000000000e+02
6.490000000000000000e+02
6.520000000000000000e+02
6.530000000000000000e+02
6.540000000000000000e+02
6.550000000000000000e+02
6.590000000000000000e+02
6.600000000000000000e+02
6.630000000000000000e+02
6.670000000000000000e+02
6.680000000000000000e+02
6.700000000000000000e+02
6.730000000000000000e+02
6.740000000000000000e+02
6.750000000000000000e+02
6.780000000000000000e+02
6.790000000000000000e+02
6.800000000000000000e+02
6.870000000000000000e+02
6.880000000000000000e+02
6.900000000000000000e+02
6.930000000000000000e+02
6.960000000000000000e+02
7.020000000000000000e+02
7.030000000000000000e+02
7.040000000000000000e+02
7.060000000000000000e+02
7.080000000000000000e+02
7.090000000000000000e+02
7.100000000000000000e+02
7.120000000000000000e+02
7.140000000000000000e+02
7.160000000000000000e+02
7.300000000000000000e+02
7.310000000000000000e+02
7.340000000000000000e+02
7.360000000000000000e+02
7.370000000000000000e+02
7.390000000000000000e+02
7.400000000000000000e+02
7.460000000000000000e+02
7.480000000000000000e+02
7.490000000000000000e+02
7.510000000000000000e+02
7.520000000000000000e+02
7.550000000000000000e+02
7.560000000000000000e+02
7.590000000000000000e+02
7.610000000000000000e+02
7.620000000000000000e+02
7.640000000000000000e+02
7.650000000000000000e+02
7.660000000000000000e+02
7.680000000000000000e+02
7.690000000000000000e+02
7.740000000000000000e+02
7.750000000000000000e+02
7.760000000000000000e+02
7.770000000000000000e+02
7.790000000000000000e+02
7.810000000000000000e+02
7.830000000000000000e+02
7.860000000000000000e+02
7.880000000000000000e+02
7.900000000000000000e+02
7.920000000000000000e+02
7.930000000000000000e+02
7.940000000000000000e+02
8.010000000000000000e+02
8.060000000000000000e+02
8.080000000000000000e+02
8.100000000000000000e+02
8.130000000000000000e+02
8.140000000000000000e+02
8.160000000000000000e+02
8.200000000000000000e+02
8.230000000000000000e+02
8.280000000000000000e+02
8.310000000000000000e+02
8.420000000000000000e+02
8.460000000000000000e+02
8.510000000000000000e+02
8.540000000000000000e+02
8.560000000000000000e+02
8.570000000000000000e+02
8.590000000000000000e+02
8.610000000000000000e+02
8.640000000000000000e+02
8.650000000000000000e+02
8.660000000000000000e+02
8.680000000000000000e+02
8.730000000000000000e+02
8.760000000000000000e+02
8.770000000000000000e+02
8.780000000000000000e+02
8.830000000000000000e+02
8.880000000000000000e+02
8.920000000000000000e+02
8.990000000000000000e+02
9.020000000000000000e+02
9.050000000000000000e+02
9.060000000000000000e+02
9.070000000000000000e+02
9.090000000000000000e+02
9.100000000000000000e+02
9.150000000000000000e+02
9.180000000000000000e+02
9.260000000000000000e+02
9.290000000000000000e+02
9.300000000000000000e+02
9.310000000000000000e+02
9.330000000000000000e+02
9.340000000000000000e+02
9.410000000000000000e+02
9.420000000000000000e+02
9.430000000000000000e+02
9.470000000000000000e+02
9.480000000000000000e+02
9.500000000000000000e+02
