5.000000000000000000e+00
6.000000000000000000e+00
7.000000000000000000e+00
1.200000000000000000e+01
1.300000000000000000e+01
1.900000000000000000e+01
2.800000000000000000e+01
3.700000000000000000e+01
3.800000000000000000e+01
4.000000000000000000e+01
4.300000000000000000e+01
4.500000000000000000e+01
4.600000000000000000e+01
4.700000000000000000e+01
4.800000000000000000e+01
5.600000000000000000e+01
5.800000000000000000e+01
6.300000000000000000e+01
6.600000000000000000e+01
7.500000000000000000e+01
7.700000000000000000e+01
7.900000000000000000e+01
8.200000000000000000e+01
8.500000000000000000e+01
8.600000000000000000e+01
8.900000000000000000e+01
1.020000000000000000e+02
1.040000000000000000e+02
1.050000000000000000e+02
1.070000000000000000e+02
1.080000000000000000e+02
1.160000000000000000e+02
1.190000000000000000e+02
1.320000000000000000e+02
1.340000000000000000e+02
1.480000000000000000e+02
1.500000000000000000e+02
1.520000000000000000e+02
1.550000000000000000e+02
1.590000000000000000e+02
1.600000000000000000e+02
1.630000000000000000e+02
1.640000000000000000e+02
1.710000000000000000e+02
1.730000000000000000e+02
1.770000000000000000e+02
1.800000000000000000e+02
1.830000000000000000e+02
1.880000000000000000e+02
1.950000000000000000e+02
2.040000000000000000e+02
2.090000000000000000e+02
2.170000000000000000e+02
2.180000000000000000e+02
2.190000000000000000e+02
2.200000000000000000e+02
2.210000000000000000e+02
2.240000000000000000e+02
2.330000000000000000e+02
2.500000000000000000e+02
2.520000000000000000e+02
2.680000000000000000e+02
2.690000000000000000e+02
2.730000000000000000e+02
2.940000000000000000e+02
2.950000000000000000e+02
2.960000000000000000e+02
3.030000000000000000e+02
3.040000000000000000e+02
3.050000000000000000e+02
3.070000000000000000e+02
3.080000000000000000e+02
3.090000000000000000e+02
3.100000000000000000e+02
3.130000000000000000e+02
3.180000000000000000e+02
3.200000000000000000e+02
3.230000000000000000e+02
3.340000000000000000e+02
3.370000000000000000e+02
3.390000000000000000e+02
3.400000000000000000e+02
3.420000000000000000e+02
3.440000000000000000e+02
3.450000000000000000e+02
3.500000000000000000e+02
3.550000000000000000e+02
3.560000000000000000e+02
3.600000000000000000e+02
3.650000000000000000e+02
3.680000000000000000e+02
3.720000000000000000e+02
3.760000000000000000e+02
3.810000000000000000e+02
3.830000000000000000e+02
3.840000000000000000e+02
3.870000000000000000e+02
3.890000000000000000e+02
4.010000000000000000e+02
4.030000000000000000e+02
4.050000000000000000e+02
4.110000000000000000e+02
4.140000000000000000e+02
4.160000000000000000e+02
4.170000000000000000e+02
4.180000000000000000e+02
4.220000000000000000e+02
4.230000000000000000e+02
4.260000000000000000e+02
4.270000000000000000e+02
4.320000000000000000e+02
4.340000000000000000e+02
4.350000000000000000e+02
4.360000000000000000e+02
4.400000000000000000e+02
4.470000000000000000e+02
4.480000000000000000e+02
4.490000000000000000e+02
4.530000000000000000e+02
4.640000000000000000e+02
4.680000000000000000e+02
4.750000000000000000e+02
4.760000000000000000e+02
4.780000000000000000e+02
4.790000000000000000e+02
4.830000000000000000e+02
4.850000000000000000e+02
4.860000000000000000e+02
4.870000000000000000e+02
4.900000000000000000e+02
4.950000000000000000e+02
4.970000000000000000e+02
4.980000000000000000e+02
5.000000000000000000e+02
5.020000000000000000e+02
5.040000000000000000e+02
5.060000000000000000e+02
5.070000000000000000e+02
5.090000000000000000e+02
5.110000000000000000e+02
5.150000000000000000e+02
5.170000000000000000e+02
5.230000000000000000e+02
5.260000000000000000e+02
5.280000000000000000e+02
5.300000000000000000e+02
5.370000000000000000e+02
5.380000000000000000e+02
5.420000000000000000e+02
5.430000000000000000e+02
5.550000000000000000e+02
5.650000000000000000e+02
5.700000000000000000e+02
5.710000000000000000e+02
5.720000000000000000e+02
5.750000000000000000e+02
5.790000000000000000e+02
5.820000000000000000e+02
5.870000000000000000e+02
5.930000000000000000e+02
5.940000000000000000e+02
5.970000000000000000e+02
6.000000000000000000e+02
6.050000000000000000e+02
6.060000000000000000e+02
6.090000000000000000e+02
6.100000000000000000e+02
6.140000000000000000e+02
6.160000000000000000e+02
6.190000000000000000e+02
6.290000000000000000e+02
6.380000000000000000e+02
6.430000000000000000e+02
6.500000000000000000e+02
6.520000000000000000e+02
6.530000000000000000e+02
6.550000000000000000e+02
6.560000000000000000e+02
6.610000000000000000e+02
6.650000000000000000e+02
6.680000000000000000e+02
6.690000000000000000e+02
6.790000000000000000e+02
6.800000000000000000e+02
6.830000000000000000e+02
6.880000000000000000e+02
6.910000000000000000e+02
6.920000000000000000e+02
6.930000000000000000e+02
6.950000000000000000e+02
7.000000000000000000e+02
7.010000000000000000e+02
7.050000000000000000e+02
7.080000000000000000e+02
7.090000000000000000e+02
7.110000000000000000e+02
7.130000000000000000e+02
7.190000000000000000e+02
7.210000000000000000e+02
7.230000000000000000e+02
7.250000000000000000e+02
7.300000000000000000e+02
7.320000000000000000e+02
7.360000000000000000e+02
7.380000000000000000e+02
7.440000000000000000e+02
7.620000000000000000e+02
7.640000000000000000e+02
7.670000000000000000e+02
7.680000000000000000e+02
7.730000000000000000e+02
7.740000000000000000e+02
7.780000000000000000e+02
7.820000000000000000e+02
7.850000000000000000e+02
7.880000000000000000e+02
7.910000000000000000e+02
7.930000000000000000e+02
7.980000000000000000e+02
8.010000000000000000e+02
8.020000000000000000e+02
8.050000000000000000e+02
8.060000000000000000e+02
8.110000000000000000e+02
8.180000000000000000e+02
8.230000000000000000e+02
8.260000000000000000e+02
8.280000000000000000e+02
8.290000000000000000e+02
8.300000000000000000e+02
8.320000000000000000e+02
8.370000000000000000e+02
8.400000000000000000e+02
8.470000000000000000e+02
8.520000000000000000e+02
8.530000000000000000e+02
8.560000000000000000e+02
8.610000000000000000e+02
8.640000000000000000e+02
8.660000000000000000e+02
8.690000000000000000e+02
8.760000000000000000e+02
8.830000000000000000e+02
8.840000000000000000e+02
8.970000000000000000e+02
9.020000000000000000e+02
9.070000000000000000e+02
9.080000000000000000e+02
9.100000000000000000e+02
9.170000000000000000e+02
9.180000000000000000e+02
9.230000000000000000e+02
9.310000000000000000e+02
9.320000000000000000e+02
9.330000000000000000e+02
9.350000000000000000e+02
9.360000000000000000e+02
9.420000000000000000e+02
9.450000000000000000e+02
9.460000000000000000e+02
9.490000000000000000e+02
9.510000000000000000e+02
9.630000000000000000e+02
9.650000000000000000e+02
