2.000000000000000000e+00
3.000000000000000000e+00
5.000000000000000000e+00
7.000000000000000000e+00
1.700000000000000000e+01
2.000000000000000000e+01
2.800000000000000000e+01
2.900000000000000000e+01
3.000000000000000000e+01
3.100000000000000000e+01
3.200000000000000000e+01
3.700000000000000000e+01
3.800000000000000000e+01
4.200000000000000000e+01
4.300000000000000000e+01
4.400000000000000000e+01
4.500000000000000000e+01
4.600000000000000000e+01
4.800000000000000000e+01
5.000000000000000000e+01
5.700000000000000000e+01
5.900000000000000000e+01
6.300000000000000000e+01
6.500000000000000000e+01
6.600000000000000000e+01
6.700000000000000000e+01
6.800000000000000000e+01
6.900000000000000000e+01
7.000000000000000000e+01
7.200000000000000000e+01
7.300000000000000000e+01
7.500000000000000000e+01
7.900000000000000000e+01
8.200000000000000000e+01
8.300000000000000000e+01
9.100000000000000000e+01
9.500000000000000000e+01
9.700000000000000000e+01
9.800000000000000000e+01
9.900000000000000000e+01
1.010000000000000000e+02
1.020000000000000000e+02
1.030000000000000000e+02
1.040000000000000000e+02
1.050000000000000000e+02
1.060000000000000000e+02
1.080000000000000000e+02
1.130000000000000000e+02
1.150000000000000000e+02
1.230000000000000000e+02
1.240000000000000000e+02
1.270000000000000000e+02
1.280000000000000000e+02
1.310000000000000000e+02
1.330000000000000000e+02
1.370000000000000000e+02
1.430000000000000000e+02
1.470000000000000000e+02
1.480000000000000000e+02
1.510000000000000000e+02
1.530000000000000000e+02
1.560000000000000000e+02
1.590000000000000000e+02
1.610000000000000000e+02
1.620000000000000000e+02
1.700000000000000000e+02
1.720000000000000000e+02
1.730000000000000000e+02
1.760000000000000000e+02
1.790000000000000000e+02
1.810000000000000000e+02
1.860000000000000000e+02
1.880000000000000000e+02
1.920000000000000000e+02
1.970000000000000000e+02
1.990000000000000000e+02
2.000000000000000000e+02
2.140000000000000000e+02
2.180000000000000000e+02
2.210000000000000000e+02
2.220000000000000000e+02
2.230000000000000000e+02
2.340000000000000000e+02
2.380000000000000000e+02
2.410000000000000000e+02
2.420000000000000000e+02
2.430000000000000000e+02
2.440000000000000000e+02
2.510000000000000000e+02
2.550000000000000000e+02
2.580000000000000000e+02
2.640000000000000000e+02
2.650000000000000000e+02
2.680000000000000000e+02
2.750000000000000000e+02
2.780000000000000000e+02
2.790000000000000000e+02
2.800000000000000000e+02
2.820000000000000000e+02
2.880000000000000000e+02
2.900000000000000000e+02
2.920000000000000000e+02
3.000000000000000000e+02
3.070000000000000000e+02
3.100000000000000000e+02
3.200000000000000000e+02
3.210000000000000000e+02
3.230000000000000000e+02
3.260000000000000000e+02
3.270000000000000000e+02
3.280000000000000000e+02
3.310000000000000000e+02
3.320000000000000000e+02
3.330000000000000000e+02
3.380000000000000000e+02
3.470000000000000000e+02
3.490000000000000000e+02
3.510000000000000000e+02
3.550000000000000000e+02
3.570000000000000000e+02
3.630000000000000000e+02
3.660000000000000000e+02
3.670000000000000000e+02
3.700000000000000000e+02
3.710000000000000000e+02
3.730000000000000000e+02
3.790000000000000000e+02
3.800000000000000000e+02
3.820000000000000000e+02
3.870000000000000000e+02
3.910000000000000000e+02
3.920000000000000000e+02
3.960000000000000000e+02
4.010000000000000000e+02
4.020000000000000000e+02
4.030000000000000000e+02
4.040000000000000000e+02
4.060000000000000000e+02
4.120000000000000000e+02
4.160000000000000000e+02
4.170000000000000000e+02
4.200000000000000000e+02
4.230000000000000000e+02
4.300000000000000000e+02
4.320000000000000000e+02
4.340000000000000000e+02
4.350000000000000000e+02
4.380000000000000000e+02
4.400000000000000000e+02
4.450000000000000000e+02
4.480000000000000000e+02
4.500000000000000000e+02
4.510000000000000000e+02
4.540000000000000000e+02
4.580000000000000000e+02
4.600000000000000000e+02
4.610000000000000000e+02
4.630000000000000000e+02
4.640000000000000000e+02
4.650000000000000000e+02
4.790000000000000000e+02
4.800000000000000000e+02
4.810000000000000000e+02
4.890000000000000000e+02
4.920000000000000000e+02
4.970000000000000000e+02
4.980000000000000000e+02
5.000000000000000000e+02
5.070000000000000000e+02
5.090000000000000000e+02
5.140000000000000000e+02
5.180000000000000000e+02
5.210000000000000000e+02
5.260000000000000000e+02
5.320000000000000000e+02
5.350000000000000000e+02
5.390000000000000000e+02
5.420000000000000000e+02
5.470000000000000000e+02
5.480000000000000000e+02
5.490000000000000000e+02
5.510000000000000000e+02
5.540000000000000000e+02
5.550000000000000000e+02
5.570000000000000000e+02
5.590000000000000000e+02
5.630000000000000000e+02
5.660000000000000000e+02
5.680000000000000000e+02
5.700000000000000000e+02
5.710000000000000000e+02
5.720000000000000000e+02
5.730000000000000000e+02
5.770000000000000000e+02
5.780000000000000000e+02
5.880000000000000000e+02
5.890000000000000000e+02
5.900000000000000000e+02
5.940000000000000000e+02
5.960000000000000000e+02
5.990000000000000000e+02
6.010000000000000000e+02
6.020000000000000000e+02
6.030000000000000000e+02
6.050000000000000000e+02
6.060000000000000000e+02
6.080000000000000000e+02
6.090000000000000000e+02
6.110000000000000000e+02
6.160000000000000000e+02
6.180000000000000000e+02
6.230000000000000000e+02
6.240000000000000000e+02
6.260000000000000000e+02
6.300000000000000000e+02
6.340000000000000000e+02
6.380000000000000000e+02
6.440000000000000000e+02
6.450000000000000000e+02
6.480000000000000000e+02
6.500000000000000000e+02
6.510000000000000000e+02
6.530000000000000000e+02
6.570000000000000000e+02
6.590000000000000000e+02
6.600000000000000000e+02
6.670000000000000000e+02
6.680000000000000000e+02
6.700000000000000000e+02
6.720000000000000000e+02
6.740000000000000000e+02
6.750000000000000000e+02
6.800000000000000000e+02
6.810000000000000000e+02
6.830000000000000000e+02
6.870000000000000000e+02
6.900000000000000000e+02
6.920000000000000000e+02
6.950000000000000000e+02
6.960000000000000000e+02
7.000000000000000000e+02
7.030000000000000000e+02
7.120000000000000000e+02
7.130000000000000000e+02
7.180000000000000000e+02
7.200000000000000000e+02
7.220000000000000000e+02
7.240000000000000000e+02
7.250000000000000000e+02
7.300000000000000000e+02
7.360000000000000000e+02
7.380000000000000000e+02
7.470000000000000000e+02
7.490000000000000000e+02
7.500000000000000000e+02
7.520000000000000000e+02
7.660000000000000000e+02
7.690000000000000000e+02
7.710000000000000000e+02
7.720000000000000000e+02
7.770000000000000000e+02
7.810000000000000000e+02
7.850000000000000000e+02
7.880000000000000000e+02
7.890000000000000000e+02
7.900000000000000000e+02
7.930000000000000000e+02
7.980000000000000000e+02
8.130000000000000000e+02
8.150000000000000000e+02
8.170000000000000000e+02
8.180000000000000000e+02
8.200000000000000000e+02
8.220000000000000000e+02
8.230000000000000000e+02
8.260000000000000000e+02
8.290000000000000000e+02
8.300000000000000000e+02
8.310000000000000000e+02
8.360000000000000000e+02
8.470000000000000000e+02
8.490000000000000000e+02
8.510000000000000000e+02
8.520000000000000000e+02
8.530000000000000000e+02
8.550000000000000000e+02
8.580000000000000000e+02
8.660000000000000000e+02
8.670000000000000000e+02
8.710000000000000000e+02
8.720000000000000000e+02
8.740000000000000000e+02
8.820000000000000000e+02
8.830000000000000000e+02
8.850000000000000000e+02
8.910000000000000000e+02
8.940000000000000000e+02
8.980000000000000000e+02
9.010000000000000000e+02
9.030000000000000000e+02
