7.000000000000000000e+00
1.100000000000000000e+01
1.700000000000000000e+01
2.100000000000000000e+01
2.600000000000000000e+01
2.800000000000000000e+01
2.900000000000000000e+01
3.300000000000000000e+01
3.800000000000000000e+01
4.100000000000000000e+01
4.300000000000000000e+01
4.400000000000000000e+01
4.600000000000000000e+01
4.700000000000000000e+01
5.100000000000000000e+01
6.100000000000000000e+01
6.300000000000000000e+01
6.500000000000000000e+01
6.800000000000000000e+01
7.000000000000000000e+01
7.800000000000000000e+01
8.400000000000000000e+01
8.700000000000000000e+01
9.500000000000000000e+01
9.800000000000000000e+01
9.900000000000000000e+01
1.030000000000000000e+02
1.040000000000000000e+02
1.060000000000000000e+02
1.100000000000000000e+02
1.120000000000000000e+02
1.140000000000000000e+02
1.150000000000000000e+02
1.160000000000000000e+02
1.180000000000000000e+02
1.230000000000000000e+02
1.270000000000000000e+02
1.290000000000000000e+02
1.320000000000000000e+02
1.380000000000000000e+02
1.410000000000000000e+02
1.420000000000000000e+02
1.430000000000000000e+02
1.460000000000000000e+02
1.520000000000000000e+02
1.530000000000000000e+02
1.540000000000000000e+02
1.570000000000000000e+02
1.580000000000000000e+02
1.630000000000000000e+02
1.640000000000000000e+02
1.700000000000000000e+02
1.720000000000000000e+02
1.750000000000000000e+02
1.760000000000000000e+02
1.780000000000000000e+02
1.790000000000000000e+02
1.810000000000000000e+02
1.830000000000000000e+02
1.840000000000000000e+02
1.880000000000000000e+02
1.890000000000000000e+02
1.910000000000000000e+02
1.950000000000000000e+02
2.020000000000000000e+02
2.040000000000000000e+02
2.100000000000000000e+02
2.110000000000000000e+02
2.140000000000000000e+02
2.170000000000000000e+02
2.330000000000000000e+02
2.340000000000000000e+02
2.390000000000000000e+02
2.410000000000000000e+02
2.420000000000000000e+02
2.440000000000000000e+02
2.450000000000000000e+02
2.510000000000000000e+02
2.600000000000000000e+02
2.610000000000000000e+02
2.620000000000000000e+02
2.650000000000000000e+02
2.710000000000000000e+02
2.720000000000000000e+02
2.730000000000000000e+02
2.740000000000000000e+02
2.750000000000000000e+02
2.780000000000000000e+02
2.800000000000000000e+02
2.810000000000000000e+02
2.850000000000000000e+02
2.900000000000000000e+02
2.930000000000000000e+02
2.940000000000000000e+02
2.950000000000000000e+02
2.970000000000000000e+02
2.980000000000000000e+02
3.020000000000000000e+02
3.090000000000000000e+02
3.120000000000000000e+02
3.170000000000000000e+02
3.180000000000000000e+02
3.230000000000000000e+02
3.300000000000000000e+02
3.360000000000000000e+02
3.380000000000000000e+02
3.410000000000000000e+02
3.420000000000000000e+02
3.450000000000000000e+02
3.460000000000000000e+02
3.470000000000000000e+02
3.480000000000000000e+02
3.540000000000000000e+02
3.550000000000000000e+02
3.640000000000000000e+02
3.650000000000000000e+02
3.670000000000000000e+02
3.690000000000000000e+02
3.710000000000000000e+02
3.800000000000000000e+02
3.810000000000000000e+02
3.830000000000000000e+02
3.850000000000000000e+02
3.870000000000000000e+02
3.890000000000000000e+02
3.910000000000000000e+02
3.920000000000000000e+02
3.950000000000000000e+02
3.960000000000000000e+02
4.100000000000000000e+02
4.120000000000000000e+02
4.130000000000000000e+02
4.140000000000000000e+02
4.160000000000000000e+02
4.190000000000000000e+02
4.230000000000000000e+02
4.240000000000000000e+02
4.250000000000000000e+02
4.260000000000000000e+02
4.290000000000000000e+02
4.300000000000000000e+02
4.330000000000000000e+02
4.380000000000000000e+02
4.400000000000000000e+02
4.450000000000000000e+02
4.460000000000000000e+02
4.480000000000000000e+02
4.540000000000000000e+02
4.560000000000000000e+02
4.590000000000000000e+02
4.600000000000000000e+02
4.620000000000000000e+02
4.630000000000000000e+02
4.640000000000000000e+02
4.690000000000000000e+02
4.700000000000000000e+02
4.710000000000000000e+02
4.720000000000000000e+02
4.740000000000000000e+02
4.790000000000000000e+02
4.810000000000000000e+02
4.870000000000000000e+02
4.890000000000000000e+02
4.920000000000000000e+02
5.050000000000000000e+02
5.080000000000000000e+02
5.100000000000000000e+02
5.160000000000000000e+02
5.180000000000000000e+02
5.230000000000000000e+02
5.250000000000000000e+02
5.260000000000000000e+02
5.270000000000000000e+02
5.280000000000000000e+02
5.330000000000000000e+02
5.340000000000000000e+02
5.350000000000000000e+02
5.370000000000000000e+02
5.380000000000000000e+02
5.410000000000000000e+02
5.430000000000000000e+02
5.490000000000000000e+02
5.510000000000000000e+02
5.520000000000000000e+02
5.570000000000000000e+02
5.590000000000000000e+02
5.640000000000000000e+02
5.670000000000000000e+02
5.680000000000000000e+02
5.710000000000000000e+02
5.720000000000000000e+02
5.730000000000000000e+02
5.740000000000000000e+02
5.780000000000000000e+02
5.810000000000000000e+02
5.830000000000000000e+02
5.840000000000000000e+02
5.850000000000000000e+02
5.870000000000000000e+02
6.010000000000000000e+02
6.020000000000000000e+02
6.050000000000000000e+02
6.060000000000000000e+02
6.080000000000000000e+02
6.100000000000000000e+02
6.120000000000000000e+02
6.140000000000000000e+02
6.160000000000000000e+02
6.170000000000000000e+02
6.260000000000000000e+02
6.280000000000000000e+02
6.300000000000000000e+02
6.320000000000000000e+02
6.330000000000000000e+02
6.420000000000000000e+02
6.430000000000000000e+02
6.490000000000000000e+02
6.500000000000000000e+02
6.510000000000000000e+02
6.520000000000000000e+02
6.550000000000000000e+02
6.560000000000000000e+02
6.590000000000000000e+02
6.610000000000000000e+02
6.670000000000000000e+02
6.740000000000000000e+02
6.790000000000000000e+02
6.800000000000000000e+02
6.850000000000000000e+02
6.880000000000000000e+02
6.950000000000000000e+02
6.990000000000000000e+02
7.000000000000000000e+02
7.020000000000000000e+02
7.030000000000000000e+02
7.040000000000000000e+02
7.070000000000000000e+02
7.120000000000000000e+02
7.160000000000000000e+02
7.170000000000000000e+02
7.190000000000000000e+02
7.220000000000000000e+02
7.230000000000000000e+02
7.240000000000000000e+02
7.250000000000000000e+02
7.260000000000000000e+02
7.320000000000000000e+02
7.350000000000000000e+02
7.360000000000000000e+02
7.370000000000000000e+02
7.460000000000000000e+02
7.520000000000000000e+02
7.530000000000000000e+02
7.550000000000000000e+02
7.560000000000000000e+02
7.580000000000000000e+02
7.630000000000000000e+02
7.640000000000000000e+02
7.800000000000000000e+02
7.830000000000000000e+02
7.860000000000000000e+02
7.870000000000000000e+02
7.930000000000000000e+02
7.950000000000000000e+02
8.020000000000000000e+02
8.060000000000000000e+02
8.080000000000000000e+02
8.090000000000000000e+02
8.130000000000000000e+02
8.140000000000000000e+02
8.160000000000000000e+02
8.180000000000000000e+02
8.190000000000000000e+02
8.210000000000000000e+02
8.220000000000000000e+02
8.250000000000000000e+02
8.270000000000000000e+02
8.330000000000000000e+02
8.340000000000000000e+02
8.390000000000000000e+02
8.400000000000000000e+02
8.430000000000000000e+02
8.440000000000000000e+02
8.450000000000000000e+02
8.510000000000000000e+02
8.540000000000000000e+02
8.550000000000000000e+02
8.560000000000000000e+02
8.590000000000000000e+02
8.650000000000000000e+02
8.680000000000000000e+02
8.700000000000000000e+02
8.740000000000000000e+02
8.790000000000000000e+02
8.810000000000000000e+02
8.820000000000000000e+02
8.830000000000000000e+02
8.850000000000000000e+02
8.870000000000000000e+02
8.910000000000000000e+02
8.930000000000000000e+02
8.940000000000000000e+02
8.980000000000000000e+02
8.990000000000000000e+02
9.020000000000000000e+02
9.100000000000000000e+02
9.130000000000000000e+02
9.190000000000000000e+02
9.270000000000000000e+02
9.290000000000000000e+02
9.320000000000000000e+02
9.340000000000000000e+02
9.360000000000000000e+02
9.460000000000000000e+02
9.500000000000000000e+02
9.510000000000000000e+02
9.530000000000000000e+02
9.540000000000000000e+02
9.560000000000000000e+02
9.590000000000000000e+02
9.640000000000000000e+02
9.680000000000000000e+02
9.690000000000000000e+02
9.710000000000000000e+02
9.760000000000000000e+02
9.800000000000000000e+02
9.860000000000000000e+02
9.900000000000000000e+02
