6.000000000000000000e+00
7.000000000000000000e+00
1.100000000000000000e+01
1.200000000000000000e+01
2.200000000000000000e+01
2.300000000000000000e+01
2.800000000000000000e+01
3.400000000000000000e+01
4.100000000000000000e+01
4.800000000000000000e+01
5.400000000000000000e+01
5.700000000000000000e+01
6.300000000000000000e+01
6.800000000000000000e+01
7.300000000000000000e+01
7.500000000000000000e+01
8.300000000000000000e+01
8.500000000000000000e+01
8.800000000000000000e+01
8.900000000000000000e+01
9.200000000000000000e+01
9.400000000000000000e+01
9.600000000000000000e+01
9.900000000000000000e+01
1.080000000000000000e+02
1.090000000000000000e+02
1.200000000000000000e+02
1.290000000000000000e+02
1.310000000000000000e+02
1.330000000000000000e+02
1.350000000000000000e+02
1.400000000000000000e+02
1.460000000000000000e+02
1.470000000000000000e+02
1.480000000000000000e+02
1.490000000000000000e+02
1.560000000000000000e+02
1.590000000000000000e+02
1.640000000000000000e+02
1.700000000000000000e+02
1.740000000000000000e+02
1.750000000000000000e+02
1.760000000000000000e+02
1.770000000000000000e+02
1.780000000000000000e+02
1.810000000000000000e+02
1.820000000000000000e+02
1.840000000000000000e+02
1.850000000000000000e+02
1.860000000000000000e+02
1.910000000000000000e+02
1.930000000000000000e+02
1.940000000000000000e+02
1.980000000000000000e+02
2.010000000000000000e+02
2.030000000000000000e+02
2.060000000000000000e+02
2.070000000000000000e+02
2.200000000000000000e+02
2.210000000000000000e+02
2.240000000000000000e+02
2.280000000000000000e+02
2.300000000000000000e+02
2.400000000000000000e+02
2.520000000000000000e+02
2.810000000000000000e+02
2.860000000000000000e+02
2.940000000000000000e+02
3.000000000000000000e+02
3.010000000000000000e+02
3.070000000000000000e+02
3.120000000000000000e+02
3.190000000000000000e+02
3.210000000000000000e+02
3.230000000000000000e+02
3.310000000000000000e+02
3.500000000000000000e+02
3.510000000000000000e+02
3.570000000000000000e+02
3.630000000000000000e+02
3.650000000000000000e+02
3.660000000000000000e+02
3.690000000000000000e+02
3.710000000000000000e+02
3.810000000000000000e+02
3.830000000000000000e+02
3.840000000000000000e+02
3.880000000000000000e+02
3.900000000000000000e+02
4.010000000000000000e+02
4.090000000000000000e+02
4.120000000000000000e+02
4.130000000000000000e+02
4.250000000000000000e+02
4.260000000000000000e+02
4.360000000000000000e+02
4.370000000000000000e+02
4.390000000000000000e+02
4.400000000000000000e+02
4.450000000000000000e+02
4.480000000000000000e+02
4.550000000000000000e+02
4.560000000000000000e+02
4.570000000000000000e+02
4.600000000000000000e+02
4.620000000000000000e+02
4.630000000000000000e+02
4.650000000000000000e+02
4.660000000000000000e+02
4.690000000000000000e+02
4.740000000000000000e+02
4.850000000000000000e+02
4.860000000000000000e+02
4.890000000000000000e+02
4.910000000000000000e+02
4.950000000000000000e+02
4.970000000000000000e+02
4.990000000000000000e+02
5.040000000000000000e+02
5.070000000000000000e+02
5.130000000000000000e+02
5.140000000000000000e+02
5.150000000000000000e+02
5.160000000000000000e+02
5.190000000000000000e+02
5.230000000000000000e+02
5.240000000000000000e+02
5.370000000000000000e+02
5.390000000000000000e+02
5.470000000000000000e+02
5.500000000000000000e+02
5.600000000000000000e+02
5.700000000000000000e+02
5.710000000000000000e+02
5.720000000000000000e+02
5.750000000000000000e+02
5.920000000000000000e+02
5.930000000000000000e+02
5.970000000000000000e+02
5.980000000000000000e+02
6.000000000000000000e+02
6.040000000000000000e+02
6.060000000000000000e+02
6.110000000000000000e+02
6.120000000000000000e+02
6.140000000000000000e+02
6.170000000000000000e+02
6.300000000000000000e+02
6.310000000000000000e+02
6.330000000000000000e+02
6.360000000000000000e+02
6.420000000000000000e+02
6.530000000000000000e+02
6.640000000000000000e+02
6.650000000000000000e+02
6.660000000000000000e+02
6.690000000000000000e+02
6.710000000000000000e+02
6.740000000000000000e+02
6.770000000000000000e+02
6.780000000000000000e+02
6.860000000000000000e+02
6.940000000000000000e+02
7.010000000000000000e+02
7.030000000000000000e+02
7.070000000000000000e+02
7.080000000000000000e+02
7.090000000000000000e+02
7.120000000000000000e+02
7.150000000000000000e+02
7.170000000000000000e+02
7.180000000000000000e+02
7.230000000000000000e+02
7.240000000000000000e+02
7.270000000000000000e+02
7.280000000000000000e+02
7.310000000000000000e+02
7.320000000000000000e+02
7.350000000000000000e+02
7.360000000000000000e+02
7.410000000000000000e+02
7.430000000000000000e+02
7.460000000000000000e+02
7.470000000000000000e+02
7.500000000000000000e+02
7.520000000000000000e+02
7.550000000000000000e+02
7.650000000000000000e+02
7.720000000000000000e+02
7.770000000000000000e+02
7.790000000000000000e+02
7.810000000000000000e+02
7.870000000000000000e+02
7.910000000000000000e+02
8.020000000000000000e+02
8.040000000000000000e+02
8.190000000000000000e+02
8.200000000000000000e+02
8.220000000000000000e+02
8.230000000000000000e+02
8.260000000000000000e+02
8.290000000000000000e+02
8.300000000000000000e+02
8.330000000000000000e+02
8.360000000000000000e+02
8.370000000000000000e+02
8.460000000000000000e+02
8.470000000000000000e+02
8.520000000000000000e+02
8.610000000000000000e+02
8.630000000000000000e+02
8.640000000000000000e+02
8.680000000000000000e+02
8.690000000000000000e+02
8.700000000000000000e+02
8.740000000000000000e+02
8.870000000000000000e+02
8.890000000000000000e+02
8.910000000000000000e+02
9.010000000000000000e+02
9.110000000000000000e+02
9.150000000000000000e+02
9.220000000000000000e+02
9.240000000000000000e+02
9.290000000000000000e+02
9.330000000000000000e+02
9.380000000000000000e+02
9.420000000000000000e+02
9.460000000000000000e+02
9.480000000000000000e+02
9.550000000000000000e+02
9.660000000000000000e+02
9.700000000000000000e+02
9.720000000000000000e+02
9.750000000000000000e+02
9.780000000000000000e+02
9.810000000000000000e+02
9.860000000000000000e+02
9.870000000000000000e+02
9.890000000000000000e+02
