7.000000000000000000e+00
1.400000000000000000e+01
1.500000000000000000e+01
1.900000000000000000e+01
2.800000000000000000e+01
3.000000000000000000e+01
3.100000000000000000e+01
3.300000000000000000e+01
3.700000000000000000e+01
3.800000000000000000e+01
4.100000000000000000e+01
4.300000000000000000e+01
5.600000000000000000e+01
6.000000000000000000e+01
6.200000000000000000e+01
6.300000000000000000e+01
6.600000000000000000e+01
6.900000000000000000e+01
7.300000000000000000e+01
7.400000000000000000e+01
7.500000000000000000e+01
7.600000000000000000e+01
7.700000000000000000e+01
8.200000000000000000e+01
8.600000000000000000e+01
8.900000000000000000e+01
9.100000000000000000e+01
9.700000000000000000e+01
1.010000000000000000e+02
1.090000000000000000e+02
1.120000000000000000e+02
1.190000000000000000e+02
1.200000000000000000e+02
1.240000000000000000e+02
1.260000000000000000e+02
1.270000000000000000e+02
1.320000000000000000e+02
1.350000000000000000e+02
1.370000000000000000e+02
1.380000000000000000e+02
1.410000000000000000e+02
1.460000000000000000e+02
1.470000000000000000e+02
1.500000000000000000e+02
1.540000000000000000e+02
1.550000000000000000e+02
1.570000000000000000e+02
1.610000000000000000e+02
1.630000000000000000e+02
1.640000000000000000e+02
1.670000000000000000e+02
1.710000000000000000e+02
1.720000000000000000e+02
1.750000000000000000e+02
1.770000000000000000e+02
1.780000000000000000e+02
1.820000000000000000e+02
1.830000000000000000e+02
1.850000000000000000e+02
1.940000000000000000e+02
1.950000000000000000e+02
1.970000000000000000e+02
1.990000000000000000e+02
2.020000000000000000e+02
2.030000000000000000e+02
2.050000000000000000e+02
2.090000000000000000e+02
2.240000000000000000e+02
2.270000000000000000e+02
2.380000000000000000e+02
2.390000000000000000e+02
2.400000000000000000e+02
2.470000000000000000e+02
2.480000000000000000e+02
2.490000000000000000e+02
2.520000000000000000e+02
2.540000000000000000e+02
2.550000000000000000e+02
2.570000000000000000e+02
2.650000000000000000e+02
2.690000000000000000e+02
2.700000000000000000e+02
2.740000000000000000e+02
2.760000000000000000e+02
2.790000000000000000e+02
2.810000000000000000e+02
2.820000000000000000e+02
2.920000000000000000e+02
2.940000000000000000e+02
2.960000000000000000e+02
2.970000000000000000e+02
3.000000000000000000e+02
3.040000000000000000e+02
3.100000000000000000e+02
3.130000000000000000e+02
3.140000000000000000e+02
3.210000000000000000e+02
3.220000000000000000e+02
3.230000000000000000e+02
3.260000000000000000e+02
3.280000000000000000e+02
3.330000000000000000e+02
3.340000000000000000e+02
3.370000000000000000e+02
3.390000000000000000e+02
3.420000000000000000e+02
3.470000000000000000e+02
3.500000000000000000e+02
3.540000000000000000e+02
3.560000000000000000e+02
3.630000000000000000e+02
3.640000000000000000e+02
3.650000000000000000e+02
3.690000000000000000e+02
3.700000000000000000e+02
3.730000000000000000e+02
3.850000000000000000e+02
3.870000000000000000e+02
3.880000000000000000e+02
3.900000000000000000e+02
3.940000000000000000e+02
3.950000000000000000e+02
3.980000000000000000e+02
3.990000000000000000e+02
4.030000000000000000e+02
4.060000000000000000e+02
4.100000000000000000e+02
4.130000000000000000e+02
4.170000000000000000e+02
4.180000000000000000e+02
4.290000000000000000e+02
4.300000000000000000e+02
4.310000000000000000e+02
4.350000000000000000e+02
4.360000000000000000e+02
4.370000000000000000e+02
4.470000000000000000e+02
4.480000000000000000e+02
4.490000000000000000e+02
4.540000000000000000e+02
4.570000000000000000e+02
4.630000000000000000e+02
4.670000000000000000e+02
4.690000000000000000e+02
4.750000000000000000e+02
4.760000000000000000e+02
4.780000000000000000e+02
4.800000000000000000e+02
4.810000000000000000e+02
4.910000000000000000e+02
4.940000000000000000e+02
4.960000000000000000e+02
4.970000000000000000e+02
4.980000000000000000e+02
5.040000000000000000e+02
5.050000000000000000e+02
5.080000000000000000e+02
5.100000000000000000e+02
5.140000000000000000e+02
5.190000000000000000e+02
5.230000000000000000e+02
5.270000000000000000e+02
5.280000000000000000e+02
5.300000000000000000e+02
5.330000000000000000e+02
5.370000000000000000e+02
5.380000000000000000e+02
5.400000000000000000e+02
5.410000000000000000e+02
5.430000000000000000e+02
5.450000000000000000e+02
5.470000000000000000e+02
5.480000000000000000e+02
5.510000000000000000e+02
5.570000000000000000e+02
5.580000000000000000e+02
5.590000000000000000e+02
5.610000000000000000e+02
5.620000000000000000e+02
5.640000000000000000e+02
5.670000000000000000e+02
5.730000000000000000e+02
5.790000000000000000e+02
5.830000000000000000e+02
5.840000000000000000e+02
5.870000000000000000e+02
5.880000000000000000e+02
5.920000000000000000e+02
5.940000000000000000e+02
5.990000000000000000e+02
6.000000000000000000e+02
6.080000000000000000e+02
6.160000000000000000e+02
6.200000000000000000e+02
6.210000000000000000e+02
6.260000000000000000e+02
6.280000000000000000e+02
6.290000000000000000e+02
6.330000000000000000e+02
6.410000000000000000e+02
6.420000000000000000e+02
6.460000000000000000e+02
6.530000000000000000e+02
6.560000000000000000e+02
6.570000000000000000e+02
6.590000000000000000e+02
6.610000000000000000e+02
6.660000000000000000e+02
6.680000000000000000e+02
6.730000000000000000e+02
6.740000000000000000e+02
6.750000000000000000e+02
6.770000000000000000e+02
6.780000000000000000e+02
6.830000000000000000e+02
6.840000000000000000e+02
6.880000000000000000e+02
6.910000000000000000e+02
6.930000000000000000e+02
6.940000000000000000e+02
6.970000000000000000e+02
7.000000000000000000e+02
7.050000000000000000e+02
7.080000000000000000e+02
7.190000000000000000e+02
7.210000000000000000e+02
7.230000000000000000e+02
7.260000000000000000e+02
7.280000000000000000e+02
7.300000000000000000e+02
7.310000000000000000e+02
7.320000000000000000e+02
7.330000000000000000e+02
7.350000000000000000e+02
7.380000000000000000e+02
7.390000000000000000e+02
7.400000000000000000e+02
7.430000000000000000e+02
7.460000000000000000e+02
7.490000000000000000e+02
7.510000000000000000e+02
7.530000000000000000e+02
7.590000000000000000e+02
7.700000000000000000e+02
7.740000000000000000e+02
7.760000000000000000e+02
7.800000000000000000e+02
7.860000000000000000e+02
7.880000000000000000e+02
7.890000000000000000e+02
7.960000000000000000e+02
7.970000000000000000e+02
7.980000000000000000e+02
8.010000000000000000e+02
8.050000000000000000e+02
8.060000000000000000e+02
8.080000000000000000e+02
8.120000000000000000e+02
8.190000000000000000e+02
8.210000000000000000e+02
8.250000000000000000e+02
8.260000000000000000e+02
8.270000000000000000e+02
8.290000000000000000e+02
8.310000000000000000e+02
8.340000000000000000e+02
8.350000000000000000e+02
8.360000000000000000e+02
8.390000000000000000e+02
8.540000000000000000e+02
8.580000000000000000e+02
8.600000000000000000e+02
8.690000000000000000e+02
8.700000000000000000e+02
8.720000000000000000e+02
8.730000000000000000e+02
8.740000000000000000e+02
8.750000000000000000e+02
8.770000000000000000e+02
8.790000000000000000e+02
8.940000000000000000e+02
8.960000000000000000e+02
8.970000000000000000e+02
8.980000000000000000e+02
8.990000000000000000e+02
9.080000000000000000e+02
9.090000000000000000e+02
9.140000000000000000e+02
